1	10	1.7751434491678801
1	11	1.9133034168705536
1	12	1.938629464610891
1	13	1.8758192273518008
1	14	1.8795265489732127
1	15	1.8807487679383317
1	16	1.8342923558644262
1	17	1.9108118018102973
1	18	1.9428516682216865
1	19	1.8788379184812272
1	2	1.7200344187364986
1	20	1.9668919016764288
1	21	1.9185254179182119
1	22	1.8750784730334145
1	23	1.9020455974761765
1	24	1.822084449457489
1	25	1.9225918455751378
1	26	1.8975414124188699
1	27	1.8970570769204187
1	28	1.9203132409008694
1	29	1.8577421833134717
1	3	1.7189520790590282
1	30	1.9339817047069514
1	31	1.9016374106546523
1	32	1.9164384983196274
1	33	1.8734971368119857
1	34	1.9680500050597116
1	35	1.879508653898447
1	36	1.901938403285376
1	37	1.888288601415657
1	38	1.8779586308934757
1	39	1.8805057602188904
1	4	1.5088945346402696
1	40	1.9197236998133829
1	41	1.9011498970753946
1	42	1.8942750692503116
1	43	1.906838121657931
1	44	1.9383420100707844
1	45	1.8699306287413744
1	46	1.9079773163672333
1	47	1.9089548972624457
1	48	1.8947654900901187
1	49	1.9478688059484737
1	5	1.3803367108022242
1	50	1.9409227210486577
1	51	1.939678335810763
1	52	1.9014338172209109
1	53	1.929093957198411
1	54	1.9273447503757606
1	55	1.944012902775359
1	56	1.9438625921258956
1	57	1.9119477783578396
1	58	1.8905461598389453
1	59	1.8971356071321417
1	6	1.9376458429363141
1	60	1.8727020478792276
1	7	1.9458906763489239
1	8	1.9501737874328209
1	9	1.7438096578406728
10	1	1.7751434491678832
10	11	1.9538005865607742
10	12	1.9650208805325013
10	13	1.9054905808568325
10	14	1.9298043421010853
10	15	1.9358304885932793
10	16	1.936467853051431
10	17	1.948607335461571
10	18	1.9597082415437017
10	19	1.9476347387815713
10	2	1.8649079444869594
10	20	1.9652552395081209
10	21	1.9183770325697038
10	22	1.9385745152434504
10	23	1.9119507042030248
10	24	1.88811857706844
10	25	1.9448373247926565
10	26	1.9452207736481686
10	27	1.9520733542143889
10	28	1.9469551196909918
10	29	1.9371115264646133
10	3	1.789735464458592
10	30	1.9543906219966811
10	31	1.944819529802446
10	32	1.9539949976660573
10	33	1.956131368314644
10	34	1.9738322017292804
10	35	1.9462210570523257
10	36	1.9398075947782734
10	37	1.9531496202853376
10	38	1.9604274284239385
10	39	1.9483288448048521
10	4	1.7785225089161498
10	40	1.9469254915978966
10	41	1.9659875966649745
10	42	1.9304601007244113
10	43	1.9562365648601272
10	44	1.9508539502423765
10	45	1.9502852359063498
10	46	1.964832363924189
10	47	1.9704662091633673
10	48	1.9771397069045973
10	49	1.959333286655813
10	5	1.7993274537310344
10	50	1.9749979459321756
10	51	1.973920831584832
10	52	1.9578375735714548
10	53	1.978758086458241
10	54	1.9806709371008384
10	55	1.974159177708408
10	56	1.963279137009118
10	57	1.9787188725651392
10	58	1.9369892521674799
10	59	1.9654223198615102
10	6	1.9086019093891045
10	60	1.9611605118781907
10	7	1.9076923199989972
10	8	1.9397853519367565
10	9	1.824608963532727
11	1	1.9133034168705523
11	10	1.953800586560769
11	12	1.7884597698574087
11	13	1.8657491702121993
11	14	1.7437370279672444
11	15	1.6871095924836381
11	16	1.8419545842334928
11	17	1.8653392661311134
11	18	1.8595022341060876
11	19	1.8943739854153954
11	2	1.9241039211467164
11	20	1.925882939840065
11	21	1.8872022066862542
11	22	1.9060480066822192
11	23	1.879901331425313
11	24	1.8895085377806355
11	25	1.9014993852472633
11	26	1.8987010312476844
11	27	1.8761621417811984
11	28	1.8971225531766995
11	29	1.8747356962522448
11	3	1.945780827012194
11	30	1.905035857636001
11	31	1.9210376794005568
11	32	1.8960150426136086
11	33	1.9154973741683805
11	34	1.9586198348379504
11	35	1.8937014519274111
11	36	1.9129914097126717
11	37	1.9306744444396857
11	38	1.905464972099041
11	39	1.9163965722486929
11	4	1.934758147846418
11	40	1.8973153444906399
11	41	1.8942960700005067
11	42	1.8822027138237831
11	43	1.9138302616580791
11	44	1.9338512394491671
11	45	1.9135264421589162
11	46	1.911256135462479
11	47	1.8713575245419372
11	48	1.8734930078281178
11	49	1.94630392072538
11	5	1.921309768168086
11	50	1.9186925630392748
11	51	1.935371565598989
11	52	1.9036073899975603
11	53	1.9302186603348686
11	54	1.9401091191220592
11	55	1.9140424461665133
11	56	1.8509621471933326
11	57	1.9141327614175359
11	58	1.8866758056858222
11	59	1.916679106157577
11	6	1.9910744100865228
11	60	1.871493462539951
11	7	1.9641428732459854
11	8	1.9870383330314492
11	9	1.9090174308551362
12	1	1.9386294646109046
12	10	1.9650208805325122
12	11	1.7884597698574232
12	13	1.8785526701930042
12	14	1.868399911935685
12	15	1.8406220309761727
12	16	1.8773945528686453
12	17	1.9033675317968033
12	18	1.8490950381803954
12	19	1.8463985095492608
12	2	1.9389543655749697
12	20	1.9480337701351844
12	21	1.8812716707925579
12	22	1.9228728303522515
12	23	1.9004469241187256
12	24	1.9157021690362073
12	25	1.8693107859671858
12	26	1.8904076849472597
12	27	1.88931474930176
12	28	1.8748613753518264
12	29	1.8577941159714948
12	3	1.9614232109081176
12	30	1.8909042453814038
12	31	1.9238721219035873
12	32	1.8848163178985187
12	33	1.9130547814330212
12	34	1.9329660679231704
12	35	1.8928963816586086
12	36	1.9069590730054777
12	37	1.8858441136980015
12	38	1.9291846978322758
12	39	1.9142591869622
12	4	1.9315716692404274
12	40	1.891402629216996
12	41	1.8887213332906616
12	42	1.8775106674011903
12	43	1.8491971072347906
12	44	1.9337383727078323
12	45	1.8790106596674276
12	46	1.9229999926517705
12	47	1.8690654241551243
12	48	1.87763509027354
12	49	1.9308796266799537
12	5	1.9342542907797278
12	50	1.931536865228093
12	51	1.9305385451978074
12	52	1.8881752664395304
12	53	1.913903564844112
12	54	1.9317184752112615
12	55	1.9271826598644692
12	56	1.8894106894927016
12	57	1.9154050036697852
12	58	1.8983126131828703
12	59	1.9020157606872445
12	6	1.994222492929501
12	60	1.849611219482551
12	7	1.9456158473511354
12	8	1.9798740043810696
12	9	1.9466615631786965
13	1	1.8758192273517993
13	10	1.9054905808568299
13	11	1.8657491702122004
13	12	1.8785526701929904
13	14	1.7967898305772332
13	15	1.8472530316847664
13	16	1.8104166045212797
13	17	1.8592345489179753
13	18	1.8879988610457614
13	19	1.837359685767598
13	2	1.8938007489568993
13	20	1.9589954024019338
13	21	1.9120172859498286
13	22	1.8509950822607475
13	23	1.8849772045079665
13	24	1.8449650973966072
13	25	1.889227385956932
13	26	1.928670558231658
13	27	1.9091054845216
13	28	1.9010886369397946
13	29	1.8756300583312244
13	3	1.9127686676310474
13	30	1.9273350217548517
13	31	1.9243903636473798
13	32	1.8977177162838876
13	33	1.895278568937253
13	34	1.9708590793747336
13	35	1.878658608740854
13	36	1.9118765949585859
13	37	1.8948261167250506
13	38	1.9306970743722756
13	39	1.939298114118852
13	4	1.8828565663176238
13	40	1.9221553635412887
13	41	1.9272848428021558
13	42	1.8839707318395056
13	43	1.91704077102616
13	44	1.945143971810552
13	45	1.9090248080937577
13	46	1.9098140089268811
13	47	1.9075642877928836
13	48	1.9012429237608035
13	49	1.9619757717774196
13	5	1.8816430255058911
13	50	1.9304183045543066
13	51	1.950377540598742
13	52	1.8797579615019022
13	53	1.9410718383503307
13	54	1.937251383016451
13	55	1.9342671411171566
13	56	1.893932686912464
13	57	1.8993875155622866
13	58	1.8549301186939184
13	59	1.9102458618734819
13	6	1.9713605724590804
13	60	1.8890158663164829
13	7	1.9423195554991468
13	8	1.9511998032714573
13	9	1.8277932947498576
14	1	1.8795265489732225
14	10	1.9298043421010935
14	11	1.743737027967256
14	12	1.8683999119356842
14	13	1.7967898305772452
14	15	1.7273264970679119
14	16	1.7891899121530404
14	17	1.8652083643218054
14	18	1.909613625089641
14	19	1.8343636136663921
14	2	1.895240427411723
14	20	1.9566216577877822
14	21	1.9126986832013058
14	22	1.8760138251826675
14	23	1.9024337227525066
14	24	1.8042307585214055
14	25	1.9059618081095608
14	26	1.925937274904705
14	27	1.9072493077147055
14	28	1.9162069740914662
14	29	1.8712746600854566
14	3	1.9062700318054464
14	30	1.914369886306057
14	31	1.9105018979870787
14	32	1.8851240724701481
14	33	1.8727772695769904
14	34	1.9605675262210742
14	35	1.8658433114062614
14	36	1.8838842517580805
14	37	1.8943256026812627
14	38	1.9267919976837977
14	39	1.9182310368955318
14	4	1.8742509107263137
14	40	1.9297958017028258
14	41	1.9069696735029393
14	42	1.8761198447976544
14	43	1.914176367483986
14	44	1.9460553489138894
14	45	1.8629192746434238
14	46	1.9046365444093107
14	47	1.8923530087469798
14	48	1.8857005109819596
14	49	1.939878069890303
14	5	1.842562851082605
14	50	1.9401954862364132
14	51	1.9276878651720795
14	52	1.8945695136286467
14	53	1.9412931070468864
14	54	1.9303044244673488
14	55	1.9425311883121026
14	56	1.8625214402926042
14	57	1.9092820444197778
14	58	1.8509172098620557
14	59	1.8713617787900902
14	6	1.97554931675902
14	60	1.8606966176607698
14	7	1.9672496792517633
14	8	1.9802325371925946
14	9	1.8743807216355484
15	1	1.8807487679383261
15	10	1.9358304885932722
15	11	1.687109592483633
15	12	1.8406220309761545
15	13	1.8472530316847624
15	14	1.7273264970678952
15	16	1.7844235183346866
15	17	1.822018180447017
15	18	1.8916352516606005
15	19	1.837849908674702
15	2	1.8944946533474307
15	20	1.9317222723683334
15	21	1.8841850431288867
15	22	1.8997860469291965
15	23	1.8649028970436903
15	24	1.8394754520061265
15	25	1.8718780420313104
15	26	1.9254166384498863
15	27	1.89110026547291
15	28	1.8945779710139696
15	29	1.868653015867509
15	3	1.907858094358327
15	30	1.9195256479679716
15	31	1.8920952661079842
15	32	1.8859805417961337
15	33	1.9002031012971394
15	34	1.9552375645824445
15	35	1.8628857182899312
15	36	1.8967246521585903
15	37	1.8888687983177426
15	38	1.9291375434008322
15	39	1.9204139891263832
15	4	1.8841959722273263
15	40	1.886591714496805
15	41	1.8752276206346967
15	42	1.8662458493681213
15	43	1.894784096287982
15	44	1.9462651237703272
15	45	1.8218359437012328
15	46	1.8983354271873134
15	47	1.878391960585655
15	48	1.8483996022658615
15	49	1.9394356959303418
15	5	1.8644439677077833
15	50	1.9146887524467617
15	51	1.9475431759235695
15	52	1.8798446190479452
15	53	1.9390132926849937
15	54	1.9549468788071849
15	55	1.9333673920484684
15	56	1.8679003291254288
15	57	1.9066621674284538
15	58	1.877092379633685
15	59	1.8817967801075786
15	6	1.97920599966943
15	60	1.8628606325321977
15	7	1.9714957512202231
15	8	1.9886208260003853
15	9	1.8691059335859352
16	1	1.834292355864411
16	10	1.9364678530514148
16	11	1.8419545842334828
16	12	1.8773945528686202
16	13	1.8104166045212677
16	14	1.7891899121530173
16	15	1.7844235183346802
16	17	1.846002568456331
16	18	1.9291509630903938
16	19	1.845810926275533
16	2	1.8813447586738465
16	20	1.9465782585309994
16	21	1.9005757297141368
16	22	1.8679944355447522
16	23	1.8810834024250256
16	24	1.855629006009374
16	25	1.9026582161047114
16	26	1.8841451798886146
16	27	1.8794604376809574
16	28	1.9086362965501906
16	29	1.8607242456426105
16	3	1.8915369212222573
16	30	1.9209381086884065
16	31	1.9327196339047732
16	32	1.9023792342863988
16	33	1.8906557178389807
16	34	1.969096388996921
16	35	1.8606327597398347
16	36	1.8805008863773558
16	37	1.8741908091906798
16	38	1.9297984791557743
16	39	1.9238520635841796
16	4	1.8540454845848071
16	40	1.9327273293432896
16	41	1.878932155389254
16	42	1.8062072170895775
16	43	1.8949493592376583
16	44	1.9006516407198792
16	45	1.852639881837608
16	46	1.882346210617737
16	47	1.8523888817795156
16	48	1.8666371735958411
16	49	1.927056294849211
16	5	1.8536317788434336
16	50	1.8999577604524118
16	51	1.9390630007921166
16	52	1.8875416476273352
16	53	1.916317912071831
16	54	1.9301553985312545
16	55	1.9310005474701544
16	56	1.8998935410068138
16	57	1.8744129291550509
16	58	1.8626770816555152
16	59	1.8706162755642826
16	6	1.960452662661526
16	60	1.8887310896101899
16	7	1.9562042910885709
16	8	1.9634945939043822
16	9	1.8259479169755053
17	1	1.910811801810288
17	10	1.9486073354615607
17	11	1.8653392661311075
17	12	1.903367531796782
17	13	1.8592345489179667
17	14	1.8652083643217854
17	15	1.8220181804470148
17	16	1.8460025684563353
17	18	1.8917624862787115
17	19	1.8107479827207762
17	2	1.9270874681176895
17	20	1.9356919632736742
17	21	1.8791149543449435
17	22	1.8669365831715814
17	23	1.87982433020542
17	24	1.8988661409485106
17	25	1.9055875290039683
17	26	1.887700644460362
17	27	1.865721861559423
17	28	1.8942246251396022
17	29	1.8428574611368924
17	3	1.950795824932579
17	30	1.8757898001584454
17	31	1.8810005204524072
17	32	1.8844548704952062
17	33	1.8940167591224293
17	34	1.9512214336002855
17	35	1.8804020778661468
17	36	1.8829993035113177
17	37	1.8846423863782857
17	38	1.9065714445662594
17	39	1.9056363183711336
17	4	1.9212484431447814
17	40	1.8527858003860807
17	41	1.8953939251406287
17	42	1.8943813609928415
17	43	1.9051412798579064
17	44	1.9459050895625172
17	45	1.8951125226653849
17	46	1.8885245892579785
17	47	1.8985971213730308
17	48	1.8853139299155823
17	49	1.9541380066739622
17	5	1.916428901910677
17	50	1.9222534323635045
17	51	1.888753750506738
17	52	1.847116754341439
17	53	1.908862687181221
17	54	1.9030510075737317
17	55	1.8631573196976559
17	56	1.8898630769128446
17	57	1.820724482558366
17	58	1.855919670266732
17	59	1.8475604055465564
17	6	1.9890523868928571
17	60	1.8666264396624326
17	7	1.9747550951453745
17	8	1.9907049749763173
17	9	1.9267257421095578
18	1	1.9428516682216888
18	10	1.9597082415437013
18	11	1.859502234106092
18	12	1.8490950381803848
18	13	1.8879988610457656
18	14	1.909613625089632
18	15	1.8916352516606074
18	16	1.9291509630904107
18	17	1.8917624862787237
18	19	1.9060923856460177
18	2	1.9496681844691455
18	20	1.919436455339662
18	21	1.923050649917631
18	22	1.9504009204189412
18	23	1.943408227669326
18	24	1.9378415759607228
18	25	1.9209044951879335
18	26	1.9132775677447
18	27	1.8944370275463362
18	28	1.8945268137605649
18	29	1.9044494389119748
18	3	1.9533680058834593
18	30	1.9092606436049726
18	31	1.9441928599127862
18	32	1.8241856948048667
18	33	1.8457444733638235
18	34	1.922986137840326
18	35	1.835649678717156
18	36	1.8995977220745202
18	37	1.909674301901671
18	38	1.888863830407414
18	39	1.8994091344393904
18	4	1.9446087640477014
18	40	1.9075795571104677
18	41	1.9217505116853217
18	42	1.8542110988142686
18	43	1.9317745363193541
18	44	1.9589793930354173
18	45	1.9314308584748043
18	46	1.9436147746493622
18	47	1.8567552598763435
18	48	1.8706073880432739
18	49	1.9615985645489062
18	5	1.9429810097824498
18	50	1.951622233133047
18	51	1.9039415482084243
18	52	1.8970812595885487
18	53	1.9229483003136993
18	54	1.9098947417912582
18	55	1.925947253999651
18	56	1.8884217867054223
18	57	1.915818089349483
18	58	1.917059729171625
18	59	1.928722904851352
18	6	1.989415634107194
18	60	1.8554057846166834
18	7	1.9808684482837877
18	8	1.9926263596628073
18	9	1.9572032226339213
19	1	1.8788379184812276
19	10	1.9476347387815707
19	11	1.8943739854153991
19	12	1.8463985095492503
19	13	1.8373596857675993
19	14	1.8343636136663821
19	15	1.8378499086747087
19	16	1.8458109262755455
19	17	1.8107479827207855
19	18	1.9060923856460166
19	2	1.925597292130083
19	20	1.9518723244227316
19	21	1.8641890130996603
19	22	1.8909712348514867
19	23	1.8772486792967753
19	24	1.8506051243314847
19	25	1.8695781841556627
19	26	1.9050707587540392
19	27	1.897679665323128
19	28	1.878485616518766
19	29	1.8525658258836772
19	3	1.9096806509803537
19	30	1.8986399989329128
19	31	1.887213823415082
19	32	1.9022922587017743
19	33	1.876861620146907
19	34	1.9677363885135692
19	35	1.850696096135381
19	36	1.8866837836929835
19	37	1.8915516684618072
19	38	1.952045805686067
19	39	1.916703883770712
19	4	1.8960755799346294
19	40	1.8854184939802348
19	41	1.8919014333017452
19	42	1.8822606592493047
19	43	1.8399173537077587
19	44	1.9547470858797313
19	45	1.906725228050897
19	46	1.9130453819856394
19	47	1.8708174889364868
19	48	1.8688038479937188
19	49	1.941262442141066
19	5	1.8895884890127903
19	50	1.931192132802451
19	51	1.9357597198289436
19	52	1.8652894196791217
19	53	1.9162446455416824
19	54	1.9209832340597122
19	55	1.93727309171612
19	56	1.8916502970137188
19	57	1.902371749678513
19	58	1.8774472899373245
19	59	1.8546604934384208
19	6	1.9823352660212175
19	60	1.866005088119606
19	7	1.967930677681543
19	8	1.9818134551415874
19	9	1.9182360640642735
2	1	1.7200344187364895
2	10	1.8649079444869499
2	11	1.9241039211467104
2	12	1.938954365574949
2	13	1.8938007489568915
2	14	1.8952404274117047
2	15	1.894494653347429
2	16	1.8813447586738528
2	17	1.9270874681176902
2	18	1.9496681844691344
2	19	1.9255972921300744
2	20	1.9520090825049
2	21	1.9237486195630809
2	22	1.8851278544773424
2	23	1.887606688523966
2	24	1.849216200901388
2	25	1.9065786549186086
2	26	1.9135618763262174
2	27	1.9130579891426172
2	28	1.949230877480014
2	29	1.874296426052408
2	3	1.6934738486560539
2	30	1.9409467780928198
2	31	1.9290504419916499
2	32	1.93620809316159
2	33	1.921254505526278
2	34	1.96648270215961
2	35	1.8996995937198677
2	36	1.9125492075973458
2	37	1.891507047204225
2	38	1.9084993360320885
2	39	1.9260067862029173
2	4	1.7582201355669538
2	40	1.9174938709262663
2	41	1.9065430143500017
2	42	1.897228964221711
2	43	1.9019257916316596
2	44	1.939496098143046
2	45	1.8863378349654145
2	46	1.8971138495599933
2	47	1.9262215811108785
2	48	1.9221559622281732
2	49	1.9369751191836277
2	5	1.7406742447395749
2	50	1.9369780622420099
2	51	1.9525243589072423
2	52	1.9168067374367794
2	53	1.9369403008133634
2	54	1.9521469207969577
2	55	1.9379531440000335
2	56	1.9461743401348717
2	57	1.9453762328459066
2	58	1.9231024430136987
2	59	1.9050574907695457
2	6	1.9410783036802173
2	60	1.917449439880112
2	7	1.919418253806606
2	8	1.931659668699676
2	9	1.8580219386650796
20	1	1.966891901676426
20	10	1.9652552395081155
20	11	1.9258829398400639
20	12	1.9480337701351675
20	13	1.9589954024019314
20	14	1.9566216577877686
20	15	1.9317222723683365
20	16	1.9465782585310085
20	17	1.935691963273678
20	18	1.919436455339656
20	19	1.9518723244227276
20	2	1.9520090825049043
20	21	1.963201847066456
20	22	1.9683700136494737
20	23	1.9469976063955445
20	24	1.958838569714845
20	25	1.9630167365622797
20	26	1.955570043484981
20	27	1.9431408368266707
20	28	1.9547291639751012
20	29	1.9493744258081354
20	3	1.9644623287812688
20	30	1.9522052745303071
20	31	1.9359403410521305
20	32	1.8714143205696747
20	33	1.9325829773214467
20	34	1.8691900914395199
20	35	1.913085510788859
20	36	1.9143556972487261
20	37	1.9309525524208353
20	38	1.9285775558390823
20	39	1.9514309334012143
20	4	1.967054682243188
20	40	1.9196650627689038
20	41	1.9403001845373202
20	42	1.9247029399753777
20	43	1.9726127583627266
20	44	1.9530762502151848
20	45	1.9617476211208495
20	46	1.9510345846314365
20	47	1.942112610733763
20	48	1.9367677923792157
20	49	1.9538234495596212
20	5	1.964280352540105
20	50	1.9261550818021855
20	51	1.9308595187253401
20	52	1.9432402547956442
20	53	1.929947258668828
20	54	1.916754717233023
20	55	1.940676507800812
20	56	1.9226208198827084
20	57	1.8445272481522592
20	58	1.9144165992031648
20	59	1.9389588749427755
20	6	1.9859246380253393
20	60	1.9548274220512143
20	7	1.9832979760512168
20	8	1.9857435450212642
20	9	1.970447680367802
21	1	1.9185254179182107
21	10	1.918377032569703
21	11	1.8872022066862588
21	12	1.8812716707925454
21	13	1.9120172859498308
21	14	1.9126986832012955
21	15	1.8841850431288933
21	16	1.9005757297141497
21	17	1.879114954344953
21	18	1.9230506499176303
21	19	1.86418901309966
21	2	1.9237486195630893
21	20	1.963201847066461
21	22	1.801986507049895
21	23	1.58493742811783
21	24	1.8177183242562067
21	25	1.7537326588615043
21	26	1.8397333347183733
21	27	1.8014555031722117
21	28	1.7481031907559035
21	29	1.8167074374010448
21	3	1.9408456137539785
21	30	1.8325353107619997
21	31	1.9448836550891255
21	32	1.9319811377069507
21	33	1.9408618569264764
21	34	1.9697173365612242
21	35	1.9317735894637944
21	36	1.9126689947580588
21	37	1.9221427511910676
21	38	1.941124579488032
21	39	1.9501774708174282
21	4	1.9096569813123498
21	40	1.9038441475556573
21	41	1.939067346328598
21	42	1.9086965451657123
21	43	1.8981272029149898
21	44	1.9508952357255755
21	45	1.914460588843467
21	46	1.8900541345020876
21	47	1.9290531293967892
21	48	1.9193992211034945
21	49	1.9710193920592165
21	5	1.9174582704067198
21	50	1.9251754344422867
21	51	1.943954177549793
21	52	1.9166188278791336
21	53	1.9327922671551754
21	54	1.9326076130454117
21	55	1.9250811879359195
21	56	1.91954753395866
21	57	1.9207946365528878
21	58	1.9345255222185023
21	59	1.928120738235385
21	6	1.9933808209416826
21	60	1.9114736671892458
21	7	1.9611720006874687
21	8	1.9784302279507033
21	9	1.9004341280207062
22	1	1.875078473033422
22	10	1.9385745152434544
22	11	1.9060480066822276
22	12	1.9228728303522449
22	13	1.850995082260755
22	14	1.8760138251826626
22	15	1.8997860469292085
22	16	1.8679944355447706
22	17	1.8669365831715976
22	18	1.9504009204189452
22	19	1.8909712348514924
22	2	1.8851278544773564
22	20	1.968370013649483
22	21	1.801986507049901
22	23	1.810372477646915
22	24	1.7558294283098304
22	25	1.907467523754172
22	26	1.8449009420989662
22	27	1.842456932989267
22	28	1.885789125045841
22	29	1.8027371091930267
22	3	1.8993030444107417
22	30	1.843908122049312
22	31	1.9082608301251756
22	32	1.9220684857475172
22	33	1.9368806562809016
22	34	1.9775964788757496
22	35	1.9178760480066552
22	36	1.936576443718446
22	37	1.899835998722654
22	38	1.9335115422591953
22	39	1.9266544575798925
22	4	1.882655213174561
22	40	1.9167525130028595
22	41	1.9404882260382394
22	42	1.910142501653682
22	43	1.9068209392702826
22	44	1.9484640842473633
22	45	1.9082165900769679
22	46	1.9092712564635925
22	47	1.9222825578529399
22	48	1.9239263506213322
22	49	1.969679743603691
22	5	1.8832408203212907
22	50	1.9153186709624532
22	51	1.9548456864067714
22	52	1.9104376572852
22	53	1.937356974447207
22	54	1.9466844437931445
22	55	1.9467472170741946
22	56	1.9525210748885715
22	57	1.9188494365366955
22	58	1.8752485948795081
22	59	1.9146709325384488
22	6	1.9730395306452801
22	60	1.9116802681549523
22	7	1.9603867123818135
22	8	1.974617665332579
22	9	1.8749126397631573
23	1	1.902045597476173
23	10	1.9119507042030197
23	11	1.8799013314253128
23	12	1.9004469241187099
23	13	1.8849772045079651
23	14	1.9024337227524928
23	15	1.8649028970436925
23	16	1.8810834024250354
23	17	1.879824330205426
23	18	1.9434082276693212
23	19	1.8772486792967715
23	2	1.887606688523972
23	20	1.9469976063955456
23	21	1.584937428117827
23	22	1.810372477646906
23	24	1.6700996530671675
23	25	1.8313473020085946
23	26	1.7973685101011225
23	27	1.7881705354131476
23	28	1.7877493798206188
23	29	1.6510711186052207
23	3	1.915588848337898
23	30	1.823822643537005
23	31	1.8970034708347636
23	32	1.9331933967952297
23	33	1.9300436499282925
23	34	1.972472910608703
23	35	1.9215554111498936
23	36	1.8874236085802392
23	37	1.8927578822833884
23	38	1.9167983395947104
23	39	1.904296937218015
23	4	1.8995864513841973
23	40	1.8989501075636281
23	41	1.9271617034677146
23	42	1.8839655233225763
23	43	1.8998557097054671
23	44	1.9472405301014963
23	45	1.9076259100889243
23	46	1.8864449823378011
23	47	1.9135236703954064
23	48	1.9329312435638282
23	49	1.971355328822407
23	5	1.9052645437840126
23	50	1.907155532063508
23	51	1.9288858642950146
23	52	1.9016185581725826
23	53	1.9267238310888866
23	54	1.9153091630112755
23	55	1.9320945991367882
23	56	1.92213640354848
23	57	1.8820929789210383
23	58	1.8886756778479354
23	59	1.8995734991356856
23	6	1.9876233350863406
23	60	1.9274941253344897
23	7	1.9551350546971027
23	8	1.975028063998028
23	9	1.911843808244299
24	1	1.8220844494574964
24	10	1.8881185770684445
24	11	1.8895085377806433
24	12	1.9157021690362024
24	13	1.8449650973966152
24	14	1.8042307585214012
24	15	1.839475452006139
24	16	1.855629006009394
24	17	1.8988661409485257
24	18	1.9378415759607264
24	19	1.8506051243314918
24	2	1.8492162009014037
24	20	1.9588385697148543
24	21	1.8177183242562118
24	22	1.7558294283098306
24	23	1.6700996530671754
24	25	1.8844953886786875
24	26	1.8470741141733569
24	27	1.8327058860241152
24	28	1.8877624096698669
24	29	1.6630376411486774
24	3	1.8553437424544263
24	30	1.8730629916428463
24	31	1.9111101282270346
24	32	1.9153670659003301
24	33	1.9335310025536199
24	34	1.9713335917113561
24	35	1.897025541609755
24	36	1.941190683300798
24	37	1.8996426631291015
24	38	1.924199111309706
24	39	1.9223303574863093
24	4	1.8613220181057228
24	40	1.9141864306090794
24	41	1.911524138918054
24	42	1.8872812949908506
24	43	1.902129685854213
24	44	1.9452922729181368
24	45	1.86954776117058
24	46	1.8962438924938327
24	47	1.9105344713486974
24	48	1.9322981463469013
24	49	1.9456161408729553
24	5	1.8346273013326455
24	50	1.9103905450961116
24	51	1.949204583177744
24	52	1.91612128121339
24	53	1.9374324125770066
24	54	1.928526357431372
24	55	1.9363396459459277
24	56	1.9354915984894048
24	57	1.9187849519742894
24	58	1.890479576687883
24	59	1.8971524502172543
24	6	1.965345411381906
24	60	1.9200945944027288
24	7	1.9628850867536436
24	8	1.978716767796883
24	9	1.8412928494818723
25	1	1.9225918455751532
25	10	1.9448373247926694
25	11	1.9014993852472817
25	12	1.8693107859671902
25	13	1.889227385956948
25	14	1.905961808109566
25	15	1.8718780420313312
25	16	1.9026582161047412
25	17	1.905587529003992
25	18	1.9209044951879477
25	19	1.8695781841556773
25	2	1.906578654918632
25	20	1.9630167365622992
25	21	1.7537326588615179
25	22	1.9074675237541816
25	23	1.8313473020086128
25	24	1.8844953886786968
25	26	1.8873006852548613
25	27	1.8727937569403155
25	28	1.5582127689781207
25	29	1.859050394569339
25	3	1.9495985762500732
25	30	1.8413220748166428
25	31	1.9176585955146115
25	32	1.900665163398014
25	33	1.903258689545269
25	34	1.9436243610984227
25	35	1.8992128344431043
25	36	1.9067565687813732
25	37	1.8963428223963457
25	38	1.9417023193394387
25	39	1.9288337042438475
25	4	1.9135453050507565
25	40	1.8953330423012866
25	41	1.879782728079002
25	42	1.8892846446882452
25	43	1.8574423090168466
25	44	1.9335548240659248
25	45	1.888157093230494
25	46	1.8704149809619361
25	47	1.8649922746718024
25	48	1.8621225288229373
25	49	1.9410846640586226
25	5	1.9076401806289374
25	50	1.9156222620437977
25	51	1.9225854789500254
25	52	1.9102963409453668
25	53	1.9314953088220501
25	54	1.9103960011820338
25	55	1.9366583373728532
25	56	1.925712539686751
25	57	1.9246557228315269
25	58	1.916704766933397
25	59	1.9168284551146924
25	6	1.9915692146720063
25	60	1.8938116478948768
25	7	1.9779898005591707
25	8	1.972531294640526
25	9	1.9147167346434777
26	1	1.8975414124188597
26	10	1.945220773648158
26	11	1.8987010312476773
26	12	1.8904076849472387
26	13	1.9286705582316501
26	14	1.9259372749046857
26	15	1.9254166384498832
26	16	1.8841451798886188
26	17	1.887700644460361
26	18	1.9132775677446892
26	19	1.9050707587540294
26	2	1.9135618763262157
26	20	1.9555700434849765
26	21	1.8397333347183622
26	22	1.8449009420989488
26	23	1.7973685101011152
26	24	1.847074114173341
26	25	1.8873006852548349
26	27	1.5403499467523294
26	28	1.820546017539721
26	29	1.672302097431748
26	3	1.9354844982418968
26	30	1.782920756275798
26	31	1.8979035274399523
26	32	1.8870894076923965
26	33	1.8958885338455873
26	34	1.9503471705046238
26	35	1.8747738838188714
26	36	1.850631475470033
26	37	1.8562216281283979
26	38	1.859367670774191
26	39	1.8268989343356936
26	4	1.9037493953753961
26	40	1.8745737608609987
26	41	1.8884077553232221
26	42	1.8981615209463318
26	43	1.9291279227476001
26	44	1.9372040960755907
26	45	1.9233827029537656
26	46	1.8985469852517483
26	47	1.898529860971332
26	48	1.9072884670708732
26	49	1.9692766721859642
26	5	1.8970624035207257
26	50	1.9274647018119269
26	51	1.9011193822533414
26	52	1.8839172788590541
26	53	1.8367657650443734
26	54	1.8843219551047576
26	55	1.8940673334303848
26	56	1.937063277206412
26	57	1.8804581805752407
26	58	1.8722457454558294
26	59	1.8548713808200907
26	6	1.983748186541103
26	60	1.90241098464852
26	7	1.9715374001720594
26	8	1.9849898620800095
26	9	1.942268956761956
27	1	1.8970570769204227
27	10	1.9520733542143922
27	11	1.8761621417812078
27	12	1.8893147493017521
27	13	1.9091054845216053
27	14	1.9072493077147004
27	15	1.8911002654729216
27	16	1.879460437680976
27	17	1.865721861559437
27	18	1.894437027546339
27	19	1.897679665323133
27	2	1.9130579891426298
27	20	1.9431408368266783
27	21	1.8014555031722146
27	22	1.8424569329892677
27	23	1.7881705354131558
27	24	1.8327058860241145
27	25	1.8727937569403037
27	26	1.5403499467523416
27	28	1.8089214720929339
27	29	1.7400299367066818
27	3	1.912645827981774
27	30	1.8041886011912056
27	31	1.868100337730116
27	32	1.8677391259367437
27	33	1.8742035160299755
27	34	1.9543222288059514
27	35	1.8372700381580414
27	36	1.8387295037033924
27	37	1.8550423589801708
27	38	1.8319217890746875
27	39	1.83762963647246
27	4	1.8951798965675726
27	40	1.8550687186183925
27	41	1.8918338277114324
27	42	1.9019280391547768
27	43	1.9084948962537747
27	44	1.949297662232934
27	45	1.9113041343257946
27	46	1.8801816681478052
27	47	1.8680218173470795
27	48	1.897090281377753
27	49	1.9590509217049483
27	5	1.8984430984643745
27	50	1.9167399586879856
27	51	1.8868624566578414
27	52	1.8662747232013446
27	53	1.8346321182634338
27	54	1.8660447519220935
27	55	1.8870650067039672
27	56	1.8889904235311041
27	57	1.8479143807899463
27	58	1.8720805605273099
27	59	1.8658323091941265
27	6	1.992457058035515
27	60	1.8840957775550133
27	7	1.9595469144471522
27	8	1.9877377648624348
27	9	1.9304377855930817
28	1	1.9203132409008585
28	10	1.9469551196909805
28	11	1.8971225531766935
28	12	1.8748613753518049
28	13	1.901088636939785
28	14	1.9162069740914462
28	15	1.8945779710139654
28	16	1.9086362965501937
28	17	1.8942246251396009
28	18	1.8945268137605529
28	19	1.8784856165187558
28	2	1.9492308774800122
28	20	1.954729163975096
28	21	1.7481031907558928
28	22	1.8857891250458254
28	23	1.7877493798206139
28	24	1.8877624096698513
28	25	1.5582127689780996
28	26	1.8205460175397215
28	27	1.808921472092918
28	29	1.7934746201751481
28	3	1.9495367605807585
28	30	1.762537222167217
28	31	1.9026773085614943
28	32	1.8473931176281218
28	33	1.8625586783055963
28	34	1.9408661732811403
28	35	1.8891051701376849
28	36	1.9003522686253849
28	37	1.8881056104406198
28	38	1.896388923981462
28	39	1.888233784639682
28	4	1.915080199814685
28	40	1.8818105111600196
28	41	1.8820778525198392
28	42	1.9067698616383841
28	43	1.8753249732223172
28	44	1.9398797633007774
28	45	1.8910949690150216
28	46	1.8867251715597164
28	47	1.8760350926089242
28	48	1.8823839052573106
28	49	1.9405299786087329
28	5	1.9129350799923772
28	50	1.9083043148599876
28	51	1.9141414756812456
28	52	1.8941288666526463
28	53	1.9159709191873457
28	54	1.9056788872651094
28	55	1.9031948162620809
28	56	1.9131131298975257
28	57	1.9184699577245325
28	58	1.9142926643932074
28	59	1.9100075628306565
28	6	1.9953131343841166
28	60	1.8782094783190533
28	7	1.9856567701243513
28	8	1.98087252662453
28	9	1.9247431486679096
29	1	1.857742183313452
29	10	1.9371115264645904
29	11	1.874735696252226
29	12	1.8577941159714626
29	13	1.8756300583312049
29	14	1.8712746600854255
29	15	1.8686530158674943
29	16	1.8607242456426032
29	17	1.842857461136882
29	18	1.9044494389119517
29	19	1.8525658258836568
29	2	1.8742964260523955
29	20	1.9493744258081183
29	21	1.8167074374010246
29	22	1.802737109193001
29	23	1.6510711186052032
29	24	1.6630376411486525
29	25	1.8590503945693024
29	26	1.6723020974317409
29	27	1.7400299367066583
29	28	1.7934746201751381
29	3	1.9189211463637474
29	30	1.7297701303401294
29	31	1.8785907360756202
29	32	1.8475806207931207
29	33	1.86465955426966
29	34	1.9423868277405527
29	35	1.8710952199694404
29	36	1.8608500567770185
29	37	1.857547064749959
29	38	1.8641366629012313
29	39	1.8813707863518463
29	4	1.8641505467277202
29	40	1.8708242274426883
29	41	1.8447973538579858
29	42	1.8549380890950642
29	43	1.8775309008660093
29	44	1.927062043955161
29	45	1.8559127321087496
29	46	1.8596674106427127
29	47	1.8567373126165472
29	48	1.8569155373465902
29	49	1.9408396767468963
29	5	1.859268429848403
29	50	1.892503353267106
29	51	1.8730930136477484
29	52	1.8476425704378392
29	53	1.8680244256651783
29	54	1.8695589257021432
29	55	1.8838912103254621
29	56	1.9188955232478055
29	57	1.82499636703167
29	58	1.8811130016335893
29	59	1.8556957583096854
29	6	1.9897062746816916
29	60	1.8471112927983255
29	7	1.968760200159253
29	8	1.9824398055405072
29	9	1.909798182472589
3	1	1.7189520790590096
3	10	1.789735464458571
3	11	1.9457808270121786
3	12	1.9614232109080851
3	13	1.9127686676310292
3	14	1.906270031805417
3	15	1.9078580943583134
3	16	1.8915369212222528
3	17	1.9507958249325685
3	18	1.9533680058834377
3	19	1.9096806509803341
3	2	1.6934738486560434
3	20	1.964462328781254
3	21	1.9408456137539591
3	22	1.8993030444107166
3	23	1.915588848337882
3	24	1.855343742454402
3	25	1.9495985762500383
3	26	1.9354844982418873
3	27	1.9126458279817506
3	28	1.9495367605807492
3	29	1.9189211463637483
3	30	1.929085699890452
3	31	1.909872935432631
3	32	1.9500436945260315
3	33	1.9308191250110538
3	34	1.963610994468766
3	35	1.9208538768568355
3	36	1.9168452590201417
3	37	1.9299731733862149
3	38	1.925143032164296
3	39	1.9309605027726575
3	4	1.7481153861353866
3	40	1.9204681533347328
3	41	1.9302353609328047
3	42	1.9241388381441844
3	43	1.917703400793641
3	44	1.9682081242506317
3	45	1.9141020159255269
3	46	1.9322906871767391
3	47	1.9465413176969477
3	48	1.9571333198126433
3	49	1.9528705772024608
3	5	1.7482384815540335
3	50	1.9442198547462979
3	51	1.954925799235033
3	52	1.942721564342922
3	53	1.9346075928177882
3	54	1.9461410925928053
3	55	1.958074086684917
3	56	1.9654657786745857
3	57	1.9441208296094357
3	58	1.9374062533446335
3	59	1.9126787613951668
3	6	1.937979626001624
3	60	1.9317603425140542
3	7	1.921701853252495
3	8	1.9394060470551109
3	9	1.8327627350181521
30	1	1.9339817047069428
30	10	1.9543906219966678
30	11	1.905035857635993
30	12	1.8909042453813814
30	13	1.9273350217548428
30	14	1.9143698863060368
30	15	1.9195256479679663
30	16	1.9209381086884099
30	17	1.875789800158443
30	18	1.9092606436049593
30	19	1.898639998932902
30	2	1.9409467780928167
30	20	1.9522052745302994
30	21	1.8325353107619895
30	22	1.8439081220492948
30	23	1.8238226435369986
30	24	1.873062991642829
30	25	1.8413220748166168
30	26	1.7829207562757967
30	27	1.8041886011911903
30	28	1.762537222167215
30	29	1.729770130340139
30	3	1.9290856998904602
30	31	1.91872954095459
30	32	1.8541965429308067
30	33	1.8955482587500578
30	34	1.9331937797094993
30	35	1.9026683153512356
30	36	1.9021260897528305
30	37	1.898099704669242
30	38	1.9048409622842741
30	39	1.9099638866481867
30	4	1.9464565433002488
30	40	1.8819863667206218
30	41	1.8635460112058464
30	42	1.855647833855379
30	43	1.886574362383985
30	44	1.9332049956914095
30	45	1.921560019859551
30	46	1.8848589303156227
30	47	1.8527904210943273
30	48	1.8678438063206724
30	49	1.934088050077715
30	5	1.9402501785039212
30	50	1.8912967300276187
30	51	1.8906391108793292
30	52	1.8940923268728054
30	53	1.8866479125147728
30	54	1.893895899961518
30	55	1.8795661258663
30	56	1.9278690512417866
30	57	1.8827682568390534
30	58	1.9257618335786348
30	59	1.8960715288141408
30	6	1.9867227363056303
30	60	1.9028717399834854
30	7	1.9582301903581325
30	8	1.9804821717820755
30	9	1.929414446329994
31	1	1.9016374106546474
31	10	1.9448195298024398
31	11	1.921037679400554
31	12	1.9238721219035697
31	13	1.9243903636473763
31	14	1.9105018979870627
31	15	1.892095266107986
31	16	1.9327196339047834
31	17	1.881000520452411
31	18	1.9441928599127796
31	19	1.887213823415077
31	2	1.929050441991654
31	20	1.9359403410521299
31	21	1.9448836550891198
31	22	1.9082608301251651
31	23	1.8970034708347607
31	24	1.9111101282270238
31	25	1.9176585955145915
31	26	1.8979035274399565
31	27	1.8681003377301064
31	28	1.9026773085614992
31	29	1.878590736075636
31	3	1.9098729354326454
31	30	1.9187295409545966
31	32	1.8690692057078155
31	33	1.8092863673653197
31	34	1.949386014685121
31	35	1.798338543447967
31	36	1.7078976051890329
31	37	1.838196447062848
31	38	1.8006900762899125
31	39	1.7497754424614038
31	4	1.9058223315433764
31	40	1.8521415387538311
31	41	1.9127121165247636
31	42	1.9198820900798252
31	43	1.909181152246244
31	44	1.9681061543548104
31	45	1.9330702489773
31	46	1.9070564310255345
31	47	1.9190514338565345
31	48	1.9212597640969935
31	49	1.967578118479127
31	5	1.9117518682419625
31	50	1.9506962234914587
31	51	1.9368946104208438
31	52	1.8885986374361368
31	53	1.8845606753494708
31	54	1.9339683363720612
31	55	1.9283093998974437
31	56	1.9270029577205785
31	57	1.8792906948743933
31	58	1.8660898631898264
31	59	1.9133262412221923
31	6	1.9955131725236428
31	60	1.8810132840608325
31	7	1.9809821264982286
31	8	1.9900800683793902
31	9	1.9472477512329194
32	1	1.9164384983196483
32	10	1.9539949976660775
32	11	1.8960150426136322
32	12	1.8848163178985264
32	13	1.8977177162839105
32	14	1.885124072470159
32	15	1.8859805417961608
32	16	1.902379234286434
32	17	1.8844548704952355
32	18	1.8241856948048836
32	19	1.9022922587017956
32	2	1.9362080931616186
32	20	1.8714143205696965
32	21	1.9319811377069713
32	22	1.9220684857475323
32	23	1.9331933967952541
32	24	1.9153670659003437
32	25	1.9006651633980205
32	26	1.887089407692427
32	27	1.8677391259367606
32	28	1.8473931176281537
32	29	1.84758062079316
32	3	1.9500436945260715
32	30	1.8541965429308376
32	31	1.8690692057078397
32	33	1.727857591396143
32	34	1.8257512581672437
32	35	1.7326966193378037
32	36	1.855823990628775
32	37	1.8335700006315627
32	38	1.8501054891089643
32	39	1.8303370131034535
32	4	1.9233581347297712
32	40	1.8363904381851042
32	41	1.8368532894703298
32	42	1.8339449685470355
32	43	1.8969463039770553
32	44	1.9206092634316891
32	45	1.8818953933269171
32	46	1.8935074195996962
32	47	1.8115889225465542
32	48	1.829137975501364
32	49	1.9206771107891616
32	5	1.921646491319793
32	50	1.9237864470503088
32	51	1.8376502123988023
32	52	1.804183831091087
32	53	1.8780615445035316
32	54	1.8638469710652896
32	55	1.8839877002285423
32	56	1.8555170041976667
32	57	1.814972768822524
32	58	1.8571310516931308
32	59	1.9028858739851247
32	6	1.9959434457702965
32	60	1.8064731599468395
32	7	1.9829018240775393
32	8	1.9879004381252714
32	9	1.9358899489674861
33	1	1.8734971368120104
33	10	1.9561313683146666
33	11	1.9154973741684076
33	12	1.9130547814330352
33	13	1.8952785689372802
33	14	1.8727772695770073
33	15	1.9002031012971725
33	16	1.8906557178390213
33	17	1.8940167591224644
33	18	1.845744473363846
33	19	1.8768616201469353
33	2	1.921254505526311
33	20	1.932582977321475
33	21	1.9408618569265021
33	22	1.9368806562809224
33	23	1.9300436499283227
33	24	1.9335310025536392
33	25	1.9032586895452819
33	26	1.8958885338456224
33	27	1.8742035160299964
33	28	1.8625586783056325
33	29	1.8646595542697055
33	3	1.9308191250110986
33	30	1.8955482587500954
33	31	1.809286367365351
33	32	1.7278575913961496
33	34	1.9052164331495163
33	35	1.5786474212944002
33	36	1.8021939528012199
33	37	1.7705478203725615
33	38	1.7972794310399363
33	39	1.7858996610883127
33	4	1.8884228178651643
33	40	1.8902717738034713
33	41	1.8814039255700472
33	42	1.87631387058288
33	43	1.9001148468434268
33	44	1.9515625303134065
33	45	1.889838940839749
33	46	1.8939894477744577
33	47	1.8657087231657452
33	48	1.8141210940652064
33	49	1.939391820334493
33	5	1.8677867142523998
33	50	1.93834697109215
33	51	1.9003860885795867
33	52	1.8630969206086077
33	53	1.883853494690026
33	54	1.9026673090344604
33	55	1.8925947060131674
33	56	1.898114701095746
33	57	1.8674148798156378
33	58	1.9011143534714985
33	59	1.9143013128372062
33	6	1.9941379417565246
33	60	1.838088851387477
33	7	1.9860748382906939
33	8	1.9921514233822388
33	9	1.9377813101443537
34	1	1.9680500050597116
34	10	1.9738322017292789
34	11	1.9586198348379527
34	12	1.9329660679231575
34	13	1.9708590793747343
34	14	1.9605675262210651
34	15	1.9552375645824505
34	16	1.9690963889969344
34	17	1.9512214336002933
34	18	1.9229861378403235
34	19	1.967736388513569
34	2	1.966482702159618
34	20	1.8691900914395236
34	21	1.9697173365612244
34	22	1.9775964788757443
34	23	1.9724729106087062
34	24	1.9713335917113501
34	25	1.9436243610984079
34	26	1.9503471705046331
34	27	1.954322228805948
34	28	1.9408661732811496
34	29	1.9423868277405718
34	3	1.963610994468784
34	30	1.9331937797095105
34	31	1.9493860146851265
34	32	1.8257512581672277
34	33	1.9052164331494936
34	35	1.9028871841867105
34	36	1.937589761664382
34	37	1.9365935899453635
34	38	1.9373142037319462
34	39	1.9466480838278044
34	4	1.9610704722454841
34	40	1.9454775417487435
34	41	1.9366049695115628
34	42	1.9430778277584606
34	43	1.9464623659076805
34	44	1.976353948397215
34	45	1.9664113519007125
34	46	1.9624260375214604
34	47	1.9330562272677623
34	48	1.934510252654995
34	49	1.9523509219340918
34	5	1.9675283662142624
34	50	1.9573552167144874
34	51	1.9080476282084748
34	52	1.9354428955980127
34	53	1.941490238074937
34	54	1.944829215208419
34	55	1.952149244116465
34	56	1.9224676194514654
34	57	1.9103373348078712
34	58	1.9554318588766888
34	59	1.9530796615454509
34	6	1.9700940419266597
34	60	1.9301577338982399
34	7	1.9760149503781277
34	8	1.9854831946644174
34	9	1.9842055882629048
35	1	1.879508653898439
35	10	1.946221057052315
35	11	1.8937014519274054
35	12	1.8928963816585862
35	13	1.8786586087408472
35	14	1.865843311406243
35	15	1.8628857182899285
35	16	1.8606327597398409
35	17	1.8804020778661479
35	18	1.835649678717144
35	19	1.8506960961353731
35	2	1.8996995937198669
35	20	1.9130855107888554
35	21	1.9317735894637846
35	22	1.9178760480066408
35	23	1.921555411149889
35	24	1.8970255416097395
35	25	1.8992128344430819
35	26	1.8747738838188723
35	27	1.8372700381580283
35	28	1.8891051701376866
35	29	1.8710952199694533
35	3	1.9208538768568448
35	30	1.902668315351238
35	31	1.798338543447965
35	32	1.7326966193377777
35	33	1.5786474212943735
35	34	1.902887184186703
35	36	1.747859121887335
35	37	1.8053524906722687
35	38	1.7837352361523888
35	39	1.776488481214167
35	4	1.8907402057119762
35	40	1.888302044228209
35	41	1.880970401180903
35	42	1.8724831606836514
35	43	1.9092759707457392
35	44	1.9431168353792385
35	45	1.9196422130309108
35	46	1.909746805242158
35	47	1.865132579758171
35	48	1.8530857887097103
35	49	1.9411783181038618
35	5	1.8714806543274285
35	50	1.9404544070029865
35	51	1.8844844623475623
35	52	1.8562250022707865
35	53	1.8665605714285813
35	54	1.8893707071825365
35	55	1.889074799493119
35	56	1.854143093676288
35	57	1.853775351572977
35	58	1.8881799877422227
35	59	1.8859254067424658
35	6	1.9927751994184775
35	60	1.8366207814766955
35	7	1.9856325146926594
35	8	1.9908643612501509
35	9	1.947791203208774
36	1	1.90193840328537
36	10	1.9398075947782651
36	11	1.9129914097126683
36	12	1.9069590730054604
36	13	1.9118765949585805
36	14	1.8838842517580643
36	15	1.8967246521585908
36	16	1.8805008863773651
36	17	1.8829993035113208
36	18	1.8995977220745135
36	19	1.8866837836929777
36	2	1.9125492075973467
36	20	1.914355697248725
36	21	1.9126689947580522
36	22	1.9365764437184336
36	23	1.8874236085802365
36	24	1.9411906833007857
36	25	1.906756568781352
36	26	1.850631475470037
36	27	1.838729503703383
36	28	1.9003522686253895
36	29	1.8608500567770345
36	3	1.9168452590201543
36	30	1.9021260897528358
36	31	1.707897605189034
36	32	1.8558239906287493
36	33	1.8021939528011883
36	34	1.9375897616643774
36	35	1.747859121887337
36	37	1.7958855425159703
36	38	1.8064161154698462
36	39	1.7601288932559274
36	4	1.888020517243415
36	40	1.8401944926951443
36	41	1.8884510024679606
36	42	1.84883299671435
36	43	1.9216556005150596
36	44	1.9570257858004219
36	45	1.9087157666815
36	46	1.8674298004409589
36	47	1.8765562946808119
36	48	1.878996112055682
36	49	1.962762010960328
36	5	1.8869664254168652
36	50	1.9462920771549779
36	51	1.9059358608828896
36	52	1.8521368893534969
36	53	1.8764128482674427
36	54	1.8797225132129076
36	55	1.928862077005772
36	56	1.8865123022922892
36	57	1.8545301240210945
36	58	1.8733532531285146
36	59	1.8884638189076908
36	6	1.9852964221034988
36	60	1.874311872796528
36	7	1.978426661891276
36	8	1.9871308833002328
36	9	1.917837653998651
37	1	1.888288601415649
37	10	1.9531496202853251
37	11	1.9306744444396788
37	12	1.8858441136979804
37	13	1.8948261167250433
37	14	1.8943256026812427
37	15	1.8888687983177401
37	16	1.8741908091906854
37	17	1.8846423863782864
37	18	1.9096743019016602
37	19	1.8915516684617988
37	2	1.8915070472042241
37	20	1.930952552420831
37	21	1.922142751191058
37	22	1.89983599872264
37	23	1.892757882283383
37	24	1.8996426631290861
37	25	1.8963428223963215
37	26	1.8562216281283987
37	27	1.8550423589801568
37	28	1.8881056104406224
37	29	1.8575470647499686
37	3	1.9299731733862249
37	30	1.8980997046692438
37	31	1.8381964470628438
37	32	1.8335700006315363
37	33	1.7705478203725284
37	34	1.9365935899453577
37	35	1.8053524906722687
37	36	1.7958855425159679
37	38	1.7060393539336973
37	39	1.7689999601211244
37	4	1.8898135081330334
37	40	1.842377003223041
37	41	1.8990239159429585
37	42	1.909020272225642
37	43	1.884868263263375
37	44	1.9686159288758092
37	45	1.8850940984510285
37	46	1.8882422969830432
37	47	1.8964531466930379
37	48	1.8937679580828253
37	49	1.970514004841239
37	5	1.8872667367029952
37	50	1.9470643990513674
37	51	1.9289195192738118
37	52	1.8809118436268046
37	53	1.8883691773174829
37	54	1.9044717033910552
37	55	1.914143741000138
37	56	1.923730655883858
37	57	1.8586040842138383
37	58	1.8666719089611201
37	59	1.889216782348631
37	6	1.9875394911983006
37	60	1.8794173071727112
37	7	1.9764218519859693
37	8	1.9754266549718325
37	9	1.9246650328855697
38	1	1.8779586308934757
38	10	1.9604274284239367
38	11	1.9054649720990426
38	12	1.929184697832264
38	13	1.930697074372279
38	14	1.9267919976837882
38	15	1.929137543400838
38	16	1.9297984791557892
38	17	1.906571444566269
38	18	1.8888638304074121
38	19	1.9520458056860683
38	2	1.908499336032096
38	20	1.9285775558390865
38	21	1.941124579488031
38	22	1.93351154225919
38	23	1.9167983395947146
38	24	1.9241991113097006
38	25	1.9417023193394247
38	26	1.8593676707742013
38	27	1.8319217890746842
38	28	1.8963889239814729
38	29	1.864136662901252
38	3	1.9251430321643155
38	30	1.9048409622842852
38	31	1.800690076289918
38	32	1.8501054891089455
38	33	1.7972794310399125
38	34	1.9373142037319457
38	35	1.7837352361523973
38	36	1.8064161154698508
38	37	1.7060393539337055
38	39	1.6748010090091785
38	4	1.8973336159598089
38	40	1.8708518264352973
38	41	1.8985286621794244
38	42	1.8865620641984926
38	43	1.9261644015473112
38	44	1.9654051402514956
38	45	1.897679670753597
38	46	1.9029545802658296
38	47	1.8881693823733303
38	48	1.8949505245193334
38	49	1.967465547346646
38	5	1.8869663027726489
38	50	1.9339365094309822
38	51	1.9162334791697362
38	52	1.876345087874407
38	53	1.8133521937496044
38	54	1.878567444169465
38	55	1.8897816747398872
38	56	1.927624099952848
38	57	1.870570695966046
38	58	1.8922046079021269
38	59	1.8898110055501793
38	6	1.9925385332312118
38	60	1.888471617590117
38	7	1.9787038938604675
38	8	1.9870890679172568
38	9	1.9552967442727864
39	1	1.88050576021888
39	10	1.9483288448048377
39	11	1.916396572248684
39	12	1.9142591869621772
39	13	1.9392981141188403
39	14	1.9182310368955107
39	15	1.9204139891263774
39	16	1.923852063584184
39	17	1.90563631837113
39	18	1.8994091344393769
39	19	1.9167038837707018
39	2	1.9260067862029135
39	20	1.9514309334012083
39	21	1.950177470817415
39	22	1.926654457579875
39	23	1.9042969372180072
39	24	1.9223303574862913
39	25	1.92883370424382
39	26	1.826898934335692
39	27	1.8376296364724443
39	28	1.8882337846396802
39	29	1.8813707863518552
39	3	1.9309605027726644
39	30	1.9099638866481854
39	31	1.7497754424613987
39	32	1.8303370131034227
39	33	1.785899661088277
39	34	1.9466480838277955
39	35	1.7764884812141637
39	36	1.7601288932559227
39	37	1.7689999601211206
39	38	1.6748010090091667
39	4	1.8992198218177343
39	40	1.8435739868287457
39	41	1.8803240278213196
39	42	1.8849774010241862
39	43	1.9175634730665903
39	44	1.9605031667502348
39	45	1.9203999900098663
39	46	1.896506072357494
39	47	1.883370111791734
39	48	1.8904483714037132
39	49	1.967654203649318
39	5	1.8765128343715318
39	50	1.9450284586394966
39	51	1.885877271266491
39	52	1.8445224038294263
39	53	1.8190253452517662
39	54	1.863834388105814
39	55	1.8651897500483883
39	56	1.9382068472178073
39	57	1.8673751097896383
39	58	1.8848272549210991
39	59	1.8731708089856776
39	6	1.9916661692870463
39	60	1.8691328176411799
39	7	1.9791812961911668
39	8	1.9954055422752717
39	9	1.9455324835040935
4	1	1.5088945346402671
4	10	1.7785225089161583
4	11	1.934758147846432
4	12	1.9315716692404272
4	13	1.8828565663176355
4	14	1.8742509107263163
4	15	1.8841959722273434
4	16	1.8540454845848329
4	17	1.921248443144804
4	18	1.9446087640477123
4	19	1.8960755799346414
4	2	1.7582201355669678
4	20	1.9670546822432045
4	21	1.9096569813123623
4	22	1.8826552131745669
4	23	1.8995864513842136
4	24	1.8613220181057277
4	25	1.9135453050507547
4	26	1.903749395375419
4	27	1.8951798965675806
4	28	1.9150801998147078
4	29	1.8641505467277528
4	3	1.7481153861354146
4	30	1.9464565433002727
4	31	1.905822331543393
4	32	1.9233581347297648
4	33	1.8884228178651523
4	34	1.961070472245497
4	35	1.8907402057119977
4	36	1.8880205172434334
4	37	1.8898135081330552
4	38	1.8973336159598224
4	39	1.8992198218177596
4	40	1.9192493451311858
4	41	1.8841583577181746
4	42	1.8921076762300084
4	43	1.8867621155727126
4	44	1.9481798801350723
4	45	1.8758926413366324
4	46	1.8831995511863175
4	47	1.9092847791824326
4	48	1.8901087066021556
4	49	1.9542195274589367
4	5	1.4629217453899392
4	50	1.9321530148079968
4	51	1.9415692122599029
4	52	1.8938720220143164
4	53	1.926010668573246
4	54	1.9430314253180219
4	55	1.9604399786483688
4	56	1.9428689233329892
4	57	1.9062304892961686
4	58	1.9243489828518
4	59	1.907149569802946
4	6	1.9541259304992558
4	60	1.892088571450662
4	7	1.9518161441343156
4	8	1.9477728613097844
4	9	1.8325742617420349
40	1	1.9197236998133802
40	10	1.9469254915978893
40	11	1.8973153444906377
40	12	1.8914026292169797
40	13	1.9221553635412847
40	14	1.9297958017028094
40	15	1.8865917144968063
40	16	1.9327273293432978
40	17	1.8527858003860844
40	18	1.9075795571104606
40	19	1.88541849398023
40	2	1.9174938709262694
40	20	1.9196650627689018
40	21	1.9038441475556522
40	22	1.916752513002848
40	23	1.8989501075636266
40	24	1.9141864306090686
40	25	1.8953330423012664
40	26	1.8745737608610042
40	27	1.8550687186183825
40	28	1.8818105111600252
40	29	1.8708242274427023
40	3	1.9204681533347472
40	30	1.881986366720628
40	31	1.852141538753831
40	32	1.8363904381850802
40	33	1.8902717738034405
40	34	1.9454775417487378
40	35	1.8883020442282126
40	36	1.840194492695144
40	37	1.8423770032230444
40	38	1.8708518264352922
40	39	1.843573986828753
40	4	1.9192493451311676
40	41	1.8859074493133894
40	42	1.8720773874726944
40	43	1.878527123867114
40	44	1.9511367528754011
40	45	1.907320423891867
40	46	1.897646782569499
40	47	1.8794598173487418
40	48	1.9042767641791551
40	49	1.968530696558501
40	5	1.924130530957297
40	50	1.929499768025981
40	51	1.8971799273860697
40	52	1.8706185809934108
40	53	1.8822756034269306
40	54	1.9179572407687884
40	55	1.9031213116148924
40	56	1.9273604865477922
40	57	1.8831016191652497
40	58	1.887871423387912
40	59	1.905359403865533
40	6	1.9840087493309684
40	60	1.890967953852174
40	7	1.9740046212754818
40	8	1.9854358976290043
40	9	1.9300032875766826
41	1	1.901149897075383
41	10	1.9659875966649625
41	11	1.8942960700004983
41	12	1.8887213332906383
41	13	1.9272848428021467
41	14	1.9069696735029187
41	15	1.8752276206346907
41	16	1.878932155389257
41	17	1.8953939251406255
41	18	1.9217505116853082
41	19	1.8919014333017332
41	2	1.9065430143499973
41	20	1.9403001845373151
41	21	1.9390673463285857
41	22	1.940488226038222
41	23	1.9271617034677053
41	24	1.911524138918035
41	25	1.8797827280789752
41	26	1.8884077553232206
41	27	1.891833827711417
41	28	1.8820778525198385
41	29	1.844797353857993
41	3	1.9302353609328122
41	30	1.8635460112058468
41	31	1.9127121165247558
41	32	1.836853289470299
41	33	1.8814039255700097
41	34	1.9366049695115528
41	35	1.8809704011809
41	36	1.8884510024679562
41	37	1.8990239159429565
41	38	1.8985286621794135
41	39	1.8803240278213187
41	4	1.8841583577181504
41	40	1.8859074493133832
41	42	1.8122200718439099
41	43	1.8320382806691866
41	44	1.832384453841666
41	45	1.7995733367780502
41	46	1.8417135056244007
41	47	1.8103361264057087
41	48	1.775770536494633
41	49	1.8676367975832242
41	5	1.8947238110649751
41	50	1.7678363611758374
41	51	1.9057590431889073
41	52	1.8809550963533186
41	53	1.8912851779394741
41	54	1.906787711482666
41	55	1.9110553041113745
41	56	1.9275732638650211
41	57	1.8674020213734472
41	58	1.9024799294155308
41	59	1.8785542206348715
41	6	1.9977802676035192
41	60	1.8719458080796252
41	7	1.9835779638390931
41	8	1.9783175847321017
41	9	1.9232810161689489
42	1	1.8942750692503003
42	10	1.9304601007243993
42	11	1.882202713823775
42	12	1.8775106674011683
42	13	1.8839707318394976
42	14	1.8761198447976342
42	15	1.866245849368117
42	16	1.806207217089581
42	17	1.8943813609928395
42	18	1.8542110988142564
42	19	1.8822606592492939
42	2	1.8972289642217084
42	20	1.9247029399753723
42	21	1.9086965451657019
42	22	1.9101425016536666
42	23	1.8839655233225694
42	24	1.8872812949908342
42	25	1.88928464468822
42	26	1.8981615209463312
42	27	1.9019280391547615
42	28	1.9067698616383846
42	29	1.8549380890950735
42	3	1.924138838144194
42	30	1.8556478338553797
42	31	1.9198820900798201
42	32	1.833944968547005
42	33	1.876313870582843
42	34	1.9430778277584506
42	35	1.8724831606836487
42	36	1.848832996714347
42	37	1.9090202722256404
42	38	1.8865620641984817
42	39	1.8849774010241866
42	4	1.8921076762299849
42	40	1.872077387472688
42	41	1.8122200718439108
42	43	1.8823998624465734
42	44	1.7726180436899075
42	45	1.831816217143465
42	46	1.8557856582911951
42	47	1.7686444760912268
42	48	1.7440519833127033
42	49	1.8801901097615128
42	5	1.8884542626446026
42	50	1.8545468540429852
42	51	1.8830518334269388
42	52	1.8856622445389073
42	53	1.8919671536140616
42	54	1.8899351770153403
42	55	1.9023100385009017
42	56	1.8814976867552635
42	57	1.8559221724356507
42	58	1.886815884137203
42	59	1.8842333313498307
42	6	1.963799747650417
42	60	1.8810142048279204
42	7	1.9590529241745929
42	8	1.978416042921411
42	9	1.8682780239582137
43	1	1.9068381216579315
43	10	1.9562365648601283
43	11	1.9138302616580836
43	12	1.8491971072347817
43	13	1.9170407710261645
43	14	1.9141763674839787
43	15	1.8947840962879918
43	16	1.894949359237674
43	17	1.905141279857918
43	18	1.9317745363193546
43	19	1.8399173537077609
43	2	1.9019257916316703
43	20	1.9726127583627333
43	21	1.8981272029149925
43	22	1.9068209392702806
43	23	1.8998557097054738
43	24	1.902129685854209
43	25	1.8574423090168344
43	26	1.9291279227476132
43	27	1.908494896253772
43	28	1.8753249732223305
43	29	1.877530900866031
43	3	1.917703400793662
43	30	1.8865743623839981
43	31	1.909181152246251
43	32	1.8969463039770385
43	33	1.9001148468434021
43	34	1.9464623659076838
43	35	1.9092759707457498
43	36	1.921655600515069
43	37	1.884868263263387
43	38	1.9261644015473127
43	39	1.9175634730666047
43	4	1.8867621155727037
43	40	1.8785271238671215
43	41	1.832038280669201
43	42	1.882399862446587
43	44	1.8761030107381427
43	45	1.8778558657340199
43	46	1.8391478531657233
43	47	1.8919702684913782
43	48	1.9018412435735164
43	49	1.8487860637494413
43	5	1.8955474805174253
43	50	1.9070034053520368
43	51	1.939629317722062
43	52	1.9018060587454297
43	53	1.9145571558752073
43	54	1.9250071659896943
43	55	1.9317155282191425
43	56	1.93491840370734
43	57	1.9166484896975142
43	58	1.9335539387179448
43	59	1.9101726604687703
43	6	1.9866707949909808
43	60	1.921057626754766
43	7	1.9793714840813827
43	8	1.9834698940540239
43	9	1.9182693492196696
44	1	1.938342010070786
44	10	1.950853950242376
44	11	1.9338512394491718
44	12	1.9337383727078212
44	13	1.945143971810555
44	14	1.9460553489138805
44	15	1.9462651237703337
44	16	1.9006516407198932
44	17	1.9459050895625263
44	18	1.9589793930354171
44	19	1.954747085879732
44	2	1.9394960981430538
44	20	1.9530762502151906
44	21	1.9508952357255764
44	22	1.9484640842473584
44	23	1.9472405301015012
44	24	1.9452922729181314
44	25	1.9335548240659106
44	26	1.937204096075601
44	27	1.9492976622329303
44	28	1.9398797633007887
44	29	1.9270620439551829
44	3	1.9682081242506526
44	30	1.9332049956914212
44	31	1.9681061543548164
44	32	1.9206092634316683
44	33	1.9515625303133812
44	34	1.9763539483972166
44	35	1.9431168353792485
44	36	1.9570257858004283
44	37	1.9686159288758205
44	38	1.965405140251495
44	39	1.9605031667502466
44	4	1.9481798801350607
44	40	1.9511367528754064
44	41	1.8323844538416771
44	42	1.7726180436899195
44	43	1.876103010738141
44	45	1.8248497233332928
44	46	1.8546723365663487
44	47	1.880850426469778
44	48	1.8491314293079075
44	49	1.8698793975459858
44	5	1.949196658472837
44	50	1.8351241750616039
44	51	1.944314674236059
44	52	1.9539104934713412
44	53	1.950870048827717
44	54	1.946408253028363
44	55	1.9500963464143948
44	56	1.9599830528229718
44	57	1.9323120963859153
44	58	1.9467913740378606
44	59	1.8873834943919365
44	6	1.981173716127827
44	60	1.943122428428399
44	7	1.9767766630299841
44	8	1.9811740671401201
44	9	1.9207780910231687
45	1	1.8699306287413393
45	10	1.9502852359063119
45	11	1.913526442158884
45	12	1.8790106596673808
45	13	1.9090248080937247
45	14	1.862919274643378
45	15	1.821835943701205
45	16	1.852639881837588
45	17	1.8951125226653573
45	18	1.9314308584747688
45	19	1.9067252280508615
45	2	1.886337834965388
45	20	1.9617476211208202
45	21	1.9144605888434332
45	22	1.9082165900769266
45	23	1.907625910088893
45	24	1.8695477611705391
45	25	1.888157093230444
45	26	1.923382702953739
45	27	1.9113041343257546
45	28	1.8910949690149974
45	29	1.8559127321087343
45	3	1.9141020159255102
45	30	1.921560019859526
45	31	1.9330702489772693
45	32	1.8818953933268612
45	33	1.8898389408396878
45	34	1.9664113519006783
45	35	1.919642213030884
45	36	1.908715766681472
45	37	1.8850940984510027
45	38	1.8976796707535615
45	39	1.9203999900098414
45	4	1.8758926413365873
45	40	1.907320423891837
45	41	1.7995733367780276
45	42	1.8318162171434424
45	43	1.8778558657339837
45	44	1.8248497233332597
45	46	1.7951000569758677
45	47	1.863769460896348
45	48	1.823488517876189
45	49	1.9142039813400742
45	5	1.8680723342653893
45	50	1.7887552428613511
45	51	1.943611352186601
45	52	1.9155305469914796
45	53	1.9216263261424744
45	54	1.9286270798599978
45	55	1.931409961100558
45	56	1.9336575764383184
45	57	1.8975863226052507
45	58	1.8971339536191523
45	59	1.8299668399990763
45	6	1.9749175011173719
45	60	1.902671006141991
45	7	1.9759148200336403
45	8	1.9897738992326564
45	9	1.9095459268839063
46	1	1.9079773163672287
46	10	1.9648323639241823
46	11	1.9112561354624764
46	12	1.9229999926517534
46	13	1.909814008926878
46	14	1.9046365444092959
46	15	1.8983354271873147
46	16	1.8823462106177455
46	17	1.8885245892579823
46	18	1.943614774649355
46	19	1.9130453819856346
46	2	1.8971138495599968
46	20	1.9510345846314365
46	21	1.8900541345020816
46	22	1.909271256463582
46	23	1.8864449823377993
46	24	1.89624389249382
46	25	1.870414980961915
46	26	1.8985469852517538
46	27	1.8801816681477945
46	28	1.8867251715597206
46	29	1.8596674106427278
46	3	1.9322906871767531
46	30	1.8848589303156298
46	31	1.9070564310255342
46	32	1.8935074195996708
46	33	1.893989447774428
46	34	1.9624260375214553
46	35	1.909746805242161
46	36	1.8674298004409597
46	37	1.888242296983047
46	38	1.902954580265825
46	39	1.8965060723574998
46	4	1.8831995511863024
46	40	1.8976467825694996
46	41	1.8417135056244067
46	42	1.8557856582912007
46	43	1.8391478531657157
46	44	1.854672336566343
46	45	1.7951000569758966
46	47	1.8455428284521815
46	48	1.844545696929868
46	49	1.9317104055553516
46	5	1.8923307657350177
46	50	1.7991665946922342
46	51	1.9172928095664543
46	52	1.8935137899993326
46	53	1.8988490652115217
46	54	1.8855070249556865
46	55	1.9088544688749918
46	56	1.931645551519373
46	57	1.8901538119363692
46	58	1.8939635600929885
46	59	1.8744920675857057
46	6	1.990990316665001
46	60	1.9101335762426115
46	7	1.9806457728692763
46	8	1.9902262896980771
46	9	1.936403375786546
47	1	1.9089548972624597
47	10	1.9704662091633782
47	11	1.8713575245419523
47	12	1.8690654241551254
47	13	1.9075642877928982
47	14	1.8923530087469846
47	15	1.8783919605856751
47	16	1.8523888817795429
47	17	1.8985971213730526
47	18	1.8567552598763555
47	19	1.8708174889365001
47	2	1.9262215811109005
47	20	1.9421126107337823
47	21	1.9290531293968016
47	22	1.9222825578529485
47	23	1.9135236703954237
47	24	1.9105344713487042
47	25	1.8649922746718013
47	26	1.898529860971355
47	27	1.8680218173470866
47	28	1.876035092608948
47	29	1.8567373126165811
47	3	1.9465413176969806
47	30	1.8527904210943515
47	31	1.9190514338565534
47	32	1.811588922546549
47	33	1.8657087231657337
47	34	1.9330562272677752
47	35	1.865132579758194
47	36	1.8765562946808314
47	37	1.8964531466930619
47	38	1.8881693823733445
47	39	1.8833701117917594
47	4	1.9092847791824334
47	40	1.8794598173487609
47	41	1.8103361264057327
47	42	1.76864447609125
47	43	1.8919702684913895
47	44	1.8808504264697905
47	45	1.8637694608963966
47	46	1.8455428284522015
47	48	1.698159625041183
47	49	1.9065491609713692
47	5	1.9068509005744165
47	50	1.8859746272113809
47	51	1.9106184915382562
47	52	1.8658983560275582
47	53	1.8867058082210588
47	54	1.914681687623265
47	55	1.919954033806171
47	56	1.9139631429599038
47	57	1.886054075792316
47	58	1.9109762477930263
47	59	1.9021839595010892
47	6	1.9942774978719087
47	60	1.8681382935244906
47	7	1.9811098257869528
47	8	1.9797964046940142
47	9	1.925572157934757
48	1	1.8947654900900797
48	10	1.9771397069045578
48	11	1.8734930078280838
48	12	1.8776350902734893
48	13	1.9012429237607655
48	14	1.8857005109819107
48	15	1.8483996022658276
48	16	1.8666371735958167
48	17	1.8853139299155532
48	18	1.8706073880432346
48	19	1.868803847993678
48	2	1.922155962228142
48	20	1.936767792379185
48	21	1.9193992211034552
48	22	1.9239263506212871
48	23	1.9329312435637935
48	24	1.9322981463468554
48	25	1.8621225288228833
48	26	1.907288467070843
48	27	1.8970902813777089
48	28	1.8823839052572826
48	29	1.8569155373465716
48	3	1.9571333198126222
48	30	1.8678438063206446
48	31	1.921259764096959
48	32	1.8291379755013057
48	33	1.8141210940651438
48	34	1.9345102526549633
48	35	1.8530857887096803
48	36	1.8789961120556489
48	37	1.8937679580827949
48	38	1.8949505245192955
48	39	1.8904483714036857
48	4	1.890108706602103
48	40	1.904276764179121
48	41	1.7757705364946084
48	42	1.7440519833126793
48	43	1.901841243573476
48	44	1.8491314293078696
48	45	1.8234885178761846
48	46	1.8445456969298337
48	47	1.6981596250411335
48	49	1.9093217430231104
48	5	1.890450700182614
48	50	1.8726733074348685
48	51	1.9169083856474456
48	52	1.8734203692456017
48	53	1.8903526061802842
48	54	1.89817139022592
48	55	1.9074454377363872
48	56	1.9082462234163655
48	57	1.8703504910448774
48	58	1.8909332074766034
48	59	1.8493763168865207
48	6	1.997601619920163
48	60	1.8177401768366914
48	7	1.981188552015474
48	8	1.9943450120263406
48	9	1.9197180128111575
49	1	1.9478688059484623
49	10	1.959333286655801
49	11	1.9463039207253723
49	12	1.9308796266799302
49	13	1.9619757717774098
49	14	1.9398780698902816
49	15	1.9394356959303365
49	16	1.9270562948492134
49	17	1.9541380066739593
49	18	1.9615985645488943
49	19	1.9412624421410547
49	2	1.9369751191836255
49	20	1.953823449559615
49	21	1.9710193920592052
49	22	1.9696797436036741
49	23	1.9713553288223995
49	24	1.9456161408729378
49	25	1.9410846640585957
49	26	1.9692766721859623
49	27	1.9590509217049328
49	28	1.9405299786087316
49	29	1.9408396767469056
49	3	1.9528705772024693
49	30	1.9340880500777144
49	31	1.967578118479121
49	32	1.9206771107891287
49	33	1.939391820334456
49	34	1.9523509219340804
49	35	1.9411783181038595
49	36	1.9627620109603232
49	37	1.9705140048412373
49	38	1.967465547346634
49	39	1.9676542036493185
49	4	1.9542195274589125
49	40	1.9685306965584952
49	41	1.8676367975832242
49	42	1.8801901097615115
49	43	1.8487860637494278
49	44	1.8698793975459729
49	45	1.914203981340097
49	46	1.931710405555345
49	47	1.9065491609713436
49	48	1.9093217430231366
49	5	1.9499876811473376
49	50	1.9258702388117173
49	51	1.9660485640270182
49	52	1.9598807093241335
49	53	1.9575921569892911
49	54	1.9673362535951615
49	55	1.9568433913039462
49	56	1.9467596451633808
49	57	1.9631882305907846
49	58	1.9606384066788487
49	59	1.9289909560266494
49	6	1.9959235364438856
49	60	1.9565507409848208
49	7	1.9915075702148253
49	8	1.9886688769490166
49	9	1.9237380470045229
5	1	1.3803367108022329
5	10	1.7993274537310386
5	11	1.9213097681680955
5	12	1.9342542907797238
5	13	1.8816430255059
5	14	1.842562851082604
5	15	1.8644439677077966
5	16	1.8536317788434564
5	17	1.9164289019106928
5	18	1.9429810097824558
5	19	1.8895884890127976
5	2	1.7406742447395929
5	20	1.964280352540117
5	21	1.9174582704067245
5	22	1.8832408203212925
5	23	1.9052645437840225
5	24	1.8346273013326462
5	25	1.9076401806289298
5	26	1.897062403520744
5	27	1.8984430984643776
5	28	1.912935079992394
5	29	1.8592684298484297
5	3	1.7482384815540613
5	30	1.9402501785039397
5	31	1.9117518682419743
5	32	1.9216464913197795
5	33	1.867786714252383
5	34	1.967528366214269
5	35	1.871480654327445
5	36	1.8869664254168783
5	37	1.8872667367030118
5	38	1.8869663027726564
5	39	1.8765128343715483
5	4	1.4629217453899543
5	40	1.92413053095731
5	41	1.894723811064994
5	42	1.8884542626446212
5	43	1.8955474805174313
5	44	1.9491966584728435
5	45	1.868072334265432
5	46	1.8923307657350301
5	47	1.9068509005744094
5	48	1.8904507001826605
5	49	1.9499876811473567
5	50	1.9296145961474922
5	51	1.9424468417767842
5	52	1.8972288326122968
5	53	1.932537151320969
5	54	1.9312420334136584
5	55	1.9505638348529297
5	56	1.9372717028733712
5	57	1.9167118771355758
5	58	1.895339757728732
5	59	1.8997552634381005
5	6	1.9466557009046097
5	60	1.8745514410084834
5	7	1.9473822866037778
5	8	1.948274100745436
5	9	1.8118407394017146
50	1	1.9409227210486546
50	10	1.9749979459321705
50	11	1.9186925630392748
50	12	1.9315368652280778
50	13	1.9304183045543062
50	14	1.9401954862363997
50	15	1.9146887524467653
50	16	1.8999577604524225
50	17	1.9222534323635097
50	18	1.9516222331330422
50	19	1.931192132802448
50	2	1.9369780622420147
50	20	1.9261550818021862
50	21	1.9251754344422838
50	22	1.9153186709624452
50	23	1.9071555320635087
50	24	1.910390545096103
50	25	1.9156222620437795
50	26	1.9274647018119337
50	27	1.9167399586879796
50	28	1.908304314859995
50	29	1.8925033532671245
50	3	1.9442198547463136
50	30	1.8912967300276273
50	31	1.9506962234914607
50	32	1.9237864470502843
50	33	1.9383469710921217
50	34	1.957355216714485
50	35	1.940454407002993
50	36	1.9462920771549808
50	37	1.947064399051374
50	38	1.9339365094309788
50	39	1.9450284586395048
50	4	1.9321530148079822
50	40	1.9294997680259838
50	41	1.7678363611758472
50	42	1.8545468540429937
50	43	1.9070034053520317
50	44	1.8351241750615999
50	45	1.7887552428613822
50	46	1.7991665946922375
50	47	1.8859746272113642
50	48	1.8726733074349045
50	49	1.9258702388117257
50	5	1.9296145961474827
50	51	1.939131330241857
50	52	1.9271302977948677
50	53	1.931265098301411
50	54	1.9200391811492805
50	55	1.9474139673483086
50	56	1.932170822823431
50	57	1.9005398779055271
50	58	1.9290271783455837
50	59	1.922842224701868
50	6	1.9900366827616842
50	60	1.932783681739106
50	7	1.9734919819554138
50	8	1.9888903198883725
50	9	1.9390643302174664
51	1	1.93967833581076
51	10	1.9739208315848253
51	11	1.9353715655989874
51	12	1.9305385451977901
51	13	1.9503775405987391
51	14	1.9276878651720653
51	15	1.9475431759235717
51	16	1.9390630007921257
51	17	1.8887537505067433
51	18	1.903941548208418
51	19	1.9357597198289396
51	2	1.9525243589072463
51	20	1.93085951872534
51	21	1.9439541775497884
51	22	1.9548456864067612
51	23	1.9288858642950135
51	24	1.9492045831777347
51	25	1.9225854789500056
51	26	1.9011193822533476
51	27	1.886862456657833
51	28	1.9141414756812514
51	29	1.8730930136477644
51	3	1.9549257992350493
51	30	1.890639110879336
51	31	1.9368946104208438
51	32	1.8376502123987797
51	33	1.9003860885795565
51	34	1.9080476282084715
51	35	1.8844844623475678
51	36	1.905935860882892
51	37	1.9289195192738182
51	38	1.916233479169732
51	39	1.8858772712665
51	4	1.9415692122598858
51	40	1.8971799273860708
51	41	1.9057590431889144
51	42	1.8830518334269453
51	43	1.9396293177220556
51	44	1.944314674236054
51	45	1.9436113521866332
51	46	1.9172928095664563
51	47	1.9106184915382398
51	48	1.91690838564748
51	49	1.9660485640270255
51	5	1.942446841776771
51	50	1.9391313302418554
51	52	1.7332316971424582
51	53	1.6671287462088606
51	54	1.7267377913465298
51	55	1.822014015718799
51	56	1.8033743314200097
51	57	1.7325481387712796
51	58	1.83850242914708
51	59	1.831383856256634
51	6	1.9927109302835255
51	60	1.8835021700959884
51	7	1.9871276596128697
51	8	1.9839263160237015
51	9	1.9473044122645105
52	1	1.9014338172209122
52	10	1.9578375735714535
52	11	1.9036073899975636
52	12	1.8881752664395173
52	13	1.879757961501904
52	14	1.8945695136286391
52	15	1.8798446190479519
52	16	1.8875416476273505
52	17	1.8471167543414482
52	18	1.8970812595885473
52	19	1.8652894196791223
52	2	1.9168067374367888
52	20	1.9432402547956489
52	21	1.9166188278791327
52	22	1.9104376572851953
52	23	1.9016185581725882
52	24	1.916121281213385
52	25	1.9102963409453533
52	26	1.8839172788590648
52	27	1.8662747232013412
52	28	1.894128866652658
52	29	1.8476425704378592
52	3	1.9427215643429434
52	30	1.894092326872817
52	31	1.8885986374361425
52	32	1.8041838310910685
52	33	1.86309692060858
52	34	1.9354428955980145
52	35	1.856225002270796
52	36	1.8521368893535044
52	37	1.8809118436268135
52	38	1.8763450878744083
52	39	1.8445224038294374
52	4	1.8938720220143057
52	40	1.870618580993416
52	41	1.88095509635333
52	42	1.8856622445389184
52	43	1.901806058745427
52	44	1.953910493471342
52	45	1.9155305469915156
52	46	1.8935137899993384
52	47	1.8658983560275444
52	48	1.8734203692456413
52	49	1.9598807093241457
52	5	1.8972288326122924
52	50	1.9271302977948703
52	51	1.7332316971424604
52	53	1.8025396294904366
52	54	1.804070891391098
52	55	1.8653302032897314
52	56	1.860700223036274
52	57	1.7637488714172551
52	58	1.7834622053036804
52	59	1.8166090805597732
52	6	1.987573341034136
52	60	1.7479412148420044
52	7	1.9704955323114186
52	8	1.9902408132823817
52	9	1.9324853845828687
53	1	1.9290939571984258
53	10	1.9787580864582512
53	11	1.9302186603348839
53	12	1.913903564844113
53	13	1.9410718383503458
53	14	1.941293107046889
53	15	1.939013292685014
53	16	1.9163179120718588
53	17	1.9088626871812437
53	18	1.9229483003137098
53	19	1.9162446455416955
53	2	1.9369403008133852
53	20	1.9299472586688446
53	21	1.9327922671551874
53	22	1.9373569744472154
53	23	1.9267238310889034
53	24	1.9374324125770126
53	25	1.931495308822047
53	26	1.8367657650443958
53	27	1.834632118263441
53	28	1.9159709191873697
53	29	1.8680244256652125
53	3	1.934607592817821
53	30	1.8866479125147957
53	31	1.8845606753494897
53	32	1.8780615445035247
53	33	1.8838534946900145
53	34	1.9414902380749492
53	35	1.8665605714286038
53	36	1.8764128482674616
53	37	1.8883691773175066
53	38	1.8133521937496164
53	39	1.819025345251792
53	4	1.926010668573247
53	40	1.8822756034269497
53	41	1.8912851779394995
53	42	1.8919671536140856
53	43	1.9145571558752186
53	44	1.9508700488277289
53	45	1.921626326142524
53	46	1.8988490652115397
53	47	1.8867058082210573
53	48	1.8903526061803368
53	49	1.9575921569893155
53	5	1.9325371513209748
53	50	1.9312650983014277
53	51	1.6671287462088746
53	52	1.802539629490448
53	54	1.718515776899246
53	55	1.7591043928327899
53	56	1.907013025174429
53	57	1.7703681670936333
53	58	1.8757573985312286
53	59	1.677962401369508
53	6	1.997384408188304
53	60	1.8953361918922855
53	7	1.9917497777020068
53	8	1.9974925567537936
53	9	1.9530521845571314
54	1	1.927344750375749
54	10	1.9806709371008253
54	11	1.940109119122051
54	12	1.9317184752112353
54	13	1.9372513830164408
54	14	1.9303044244673278
54	15	1.9549468788071795
54	16	1.9301553985312565
54	17	1.9030510075737288
54	18	1.909894741791246
54	19	1.9209832340597002
54	2	1.9521469207969544
54	20	1.9167547172330162
54	21	1.9326076130453997
54	22	1.9466844437931272
54	23	1.915309163011267
54	24	1.9285263574313547
54	25	1.9103960011820067
54	26	1.8843219551047572
54	27	1.8660447519220797
54	28	1.905678887265108
54	29	1.869558925702152
54	3	1.9461410925928129
54	30	1.8938958999615179
54	31	1.933968336372054
54	32	1.8638469710652585
54	33	1.9026673090344242
54	34	1.9448292152084081
54	35	1.8893707071825343
54	36	1.879722513212903
54	37	1.9044717033910528
54	38	1.8785674441694526
54	39	1.8638343881058148
54	4	1.9430314253179979
54	40	1.9179572407687824
54	41	1.9067877114826657
54	42	1.8899351770153399
54	43	1.9250071659896801
54	44	1.9464082530283506
54	45	1.9286270798600225
54	46	1.8855070249556796
54	47	1.9146816876232406
54	48	1.8981713902259476
54	49	1.9673362535951613
54	5	1.9312420334136389
54	50	1.9200391811492714
54	51	1.7267377913465247
54	52	1.8040708913910877
54	53	1.7185157768992252
54	55	1.762634924801285
54	56	1.881868502392635
54	57	1.7151366320274926
54	58	1.8743459805548481
54	59	1.8023636588280418
54	6	1.995477894112417
54	60	1.9045278646111599
54	7	1.992529577211353
54	8	1.9908076487644675
54	9	1.9595540390271717
55	1	1.9440129027753563
55	10	1.974159177708403
55	11	1.9140424461665138
55	12	1.9271826598644535
55	13	1.9342671411171548
55	14	1.9425311883120897
55	15	1.9333673920484722
55	16	1.931000547470166
55	17	1.8631573196976605
55	18	1.9259472539996454
55	19	1.9372730917161165
55	2	1.937953144000038
55	20	1.9406765078008124
55	21	1.9250811879359149
55	22	1.9467472170741862
55	23	1.9320945991367893
55	24	1.9363396459459186
55	25	1.9366583373728354
55	26	1.8940673334303901
55	27	1.8870650067039603
55	28	1.9031948162620875
55	29	1.8838912103254812
55	3	1.9580740866849327
55	30	1.8795661258663088
55	31	1.9283093998974448
55	32	1.883987700228519
55	33	1.89259470601314
55	34	1.9521492441164623
55	35	1.8890747994931265
55	36	1.9288620770057745
55	37	1.9141437410001447
55	38	1.8897816747398852
55	39	1.8651897500483967
55	4	1.9604399786483535
55	40	1.9031213116148955
55	41	1.9110553041113842
55	42	1.9023100385009089
55	43	1.9317155282191354
55	44	1.9500963464143908
55	45	1.931409961100591
55	46	1.9088544688749927
55	47	1.919954033806154
55	48	1.9074454377364216
55	49	1.956843391303955
55	5	1.9505638348529186
55	50	1.9474139673483082
55	51	1.8220140157188005
55	52	1.8653302032897288
55	53	1.7591043928327759
55	54	1.7626349248012925
55	56	1.908467272699647
55	57	1.7569281400653995
55	58	1.9012872409644226
55	59	1.8681460123602545
55	6	1.9985646977736373
55	60	1.9279668250469777
55	7	1.979788404737404
55	8	1.9840183889439988
55	9	1.960055174944234
56	1	1.9438625921258932
56	10	1.9632791370091136
56	11	1.8509621471933329
56	12	1.8894106894926868
56	13	1.8939326869124629
56	14	1.862521440292592
56	15	1.867900329125433
56	16	1.8998935410068243
56	17	1.889863076912851
56	18	1.888421786705418
56	19	1.8916502970137155
56	2	1.9461743401348772
56	20	1.9226208198827093
56	21	1.9195475339586572
56	22	1.9525210748885622
56	23	1.9221364035484798
56	24	1.9354915984893954
56	25	1.925712539686732
56	26	1.9370632772064176
56	27	1.8889904235310968
56	28	1.9131131298975315
56	29	1.9188955232478246
56	3	1.9654657786746024
56	30	1.9278690512417946
56	31	1.9270029577205807
56	32	1.8555170041976445
56	33	1.8981147010957178
56	34	1.9224676194514627
56	35	1.8541430936762948
56	36	1.8865123022922912
56	37	1.9237306558838645
56	38	1.9276240999528436
56	39	1.9382068472178162
56	4	1.9428689233329737
56	40	1.9273604865477951
56	41	1.9275732638650298
56	42	1.8814976867552717
56	43	1.9349184037073341
56	44	1.959983052822968
56	45	1.9336575764383506
56	46	1.9316455515193762
56	47	1.913963142959887
56	48	1.908246223416401
56	49	1.9467596451633888
56	5	1.9372717028733597
56	50	1.9321708228234311
56	51	1.8033743314200097
56	52	1.8607002230362701
56	53	1.907013025174414
56	54	1.8818685023926418
56	55	1.9084672726996477
56	57	1.8471088144953773
56	58	1.8710645372515053
56	59	1.875330209784568
56	6	1.9956459479037578
56	60	1.9006962344620113
56	7	1.9801695167885842
56	8	1.9967916338757572
56	9	1.9376721779589685
57	1	1.9119477783578327
57	10	1.9787188725651301
57	11	1.9141327614175319
57	12	1.9154050036697658
57	13	1.899387515562281
57	14	1.9092820444197625
57	15	1.906662167428454
57	16	1.8744129291550589
57	17	1.8207244825583702
57	18	1.915818089349475
57	19	1.902371749678508
57	2	1.9453762328459066
57	20	1.8445272481522574
57	21	1.9207946365528794
57	22	1.9188494365366833
57	23	1.8820929789210357
57	24	1.918784951974276
57	25	1.9246557228315038
57	26	1.880458180575244
57	27	1.8479143807899356
57	28	1.9184699577245363
57	29	1.8249963670316838
57	3	1.9441208296094474
57	30	1.8827682568390578
57	31	1.8792906948743924
57	32	1.814972768822498
57	33	1.8674148798156052
57	34	1.910337334807865
57	35	1.8537753515729773
57	36	1.854530124021094
57	37	1.8586040842138385
57	38	1.8705706959660386
57	39	1.8673751097896418
57	4	1.9062304892961472
57	40	1.8831016191652474
57	41	1.86740202137345
57	42	1.8559221724356554
57	43	1.916648489697505
57	44	1.9323120963859075
57	45	1.89758632260528
57	46	1.890153811936367
57	47	1.8860540757922957
57	48	1.870350491044909
57	49	1.9631882305907886
57	5	1.9167118771355618
57	50	1.9005398779055227
57	51	1.7325481387712762
57	52	1.7637488714172471
57	53	1.7703681670936147
57	54	1.7151366320274937
57	55	1.7569281400653942
57	56	1.8471088144953731
57	58	1.8110795107270923
57	59	1.7914873386999477
57	6	1.9932112898096157
57	60	1.8790236165425602
57	7	1.9773169924767944
57	8	1.994738360497536
57	9	1.943924379947358
58	1	1.890546159838945
58	10	1.9369892521674805
58	11	1.8866758056858246
58	12	1.8983126131828585
58	13	1.8549301186939202
58	14	1.8509172098620454
58	15	1.8770923796336911
58	16	1.8626770816555283
58	17	1.855919670266742
58	18	1.9170597291716238
58	19	1.877447289937325
58	2	1.9231024430137063
58	20	1.9144165992031692
58	21	1.9345255222185027
58	22	1.875248594879502
58	23	1.8886756778479388
58	24	1.8904795766878773
58	25	1.9167047669333828
58	26	1.8722457454558397
58	27	1.8720805605273048
58	28	1.9142926643932179
58	29	1.8811130016336104
58	3	1.9374062533446537
58	30	1.9257618335786475
58	31	1.8660898631898317
58	32	1.8571310516931117
58	33	1.9011143534714727
58	34	1.9554318588766906
58	35	1.8881799877422334
58	36	1.8733532531285202
58	37	1.8666719089611272
58	38	1.892204607902125
58	39	1.8848272549211114
58	4	1.9243489828517872
58	40	1.8878714233879184
58	41	1.902479929415543
58	42	1.886815884137214
58	43	1.9335539387179426
58	44	1.9467913740378617
58	45	1.897133953619188
58	46	1.893963560092995
58	47	1.9109762477930146
58	48	1.8909332074766434
58	49	1.9606384066788616
58	5	1.8953397577287239
58	50	1.9290271783455868
58	51	1.838502429147084
58	52	1.7834622053036786
58	53	1.875757398531217
58	54	1.874345980554861
58	55	1.9012872409644261
58	56	1.8710645372515078
58	57	1.8110795107270996
58	59	1.8326037459260638
58	6	1.9877850385370277
58	60	1.8780518297390654
58	7	1.9731394142949794
58	8	1.9938563931514435
58	9	1.923312142685098
59	1	1.8971356071321368
59	10	1.9654223198615022
59	11	1.9166791061575756
59	12	1.9020157606872272
59	13	1.910245861873478
59	14	1.8713617787900745
59	15	1.881796780107579
59	16	1.8706162755642914
59	17	1.8475604055465586
59	18	1.9287229048513441
59	19	1.8546604934384137
59	2	1.9050574907695483
59	20	1.9389588749427744
59	21	1.928120738235379
59	22	1.9146709325384375
59	23	1.8995734991356843
59	24	1.8971524502172428
59	25	1.9168284551146708
59	26	1.8548713808200943
59	27	1.8658323091941156
59	28	1.9100075628306614
59	29	1.8556957583096998
59	3	1.9126787613951806
59	30	1.8960715288141463
59	31	1.9133262412221914
59	32	1.9028858739850987
59	33	1.9143013128371733
59	34	1.9530796615454462
59	35	1.8859254067424684
59	36	1.8884638189076899
59	37	1.889216782348633
59	38	1.8898110055501722
59	39	1.8731708089856842
59	4	1.9071495698029257
59	40	1.9053594038655322
59	41	1.8785542206348775
59	42	1.8842333313498372
59	43	1.910172660468762
59	44	1.8873834943919308
59	45	1.8299668399991045
59	46	1.8744920675857044
59	47	1.90218395950107
59	48	1.8493763168865525
59	49	1.9289909560266547
59	5	1.8997552634380865
59	50	1.922842224701865
59	51	1.8313838562566314
59	52	1.8166090805597672
59	53	1.6779624013694905
59	54	1.8023636588280465
59	55	1.8681460123602522
59	56	1.8753302097845654
59	57	1.791487338699948
59	58	1.8326037459260567
59	6	1.9769116299010354
59	60	1.8861300110570858
59	7	1.9826308256251657
59	8	1.9931602160046331
59	9	1.9372612701777654
6	1	1.937645842936315
6	10	1.9086019093891
6	11	1.9910744100865225
6	12	1.9942224929294845
6	13	1.971360572459079
6	14	1.9755493167590075
6	15	1.9792059996694322
6	16	1.9604526626615353
6	17	1.9890523868928616
6	18	1.9894156341071894
6	19	1.9823352660212137
6	2	1.941078303680222
6	20	1.98592463802534
6	21	1.9933808209416788
6	22	1.9730395306452722
6	23	1.9876233350863406
6	24	1.9653454113818982
6	25	1.9915692146719872
6	26	1.9837481865411086
6	27	1.9924570580355068
6	28	1.9953131343841228
6	29	1.9897062746817096
6	3	1.9379796260016382
6	30	1.986722736305638
6	31	1.9955131725236444
6	32	1.9959434457702698
6	33	1.9941379417564966
6	34	1.9700940419266562
6	35	1.9927751994184826
6	36	1.9852964221035005
6	37	1.9875394911983075
6	38	1.9925385332312069
6	39	1.9916661692870554
6	4	1.954125930499242
6	40	1.9840087493309704
6	41	1.9977802676035268
6	42	1.9637997476504248
6	43	1.9866707949909745
6	44	1.9811737161278222
6	45	1.9749175011174016
6	46	1.990990316665003
6	47	1.9942774978718922
6	48	1.9976016199201982
6	49	1.995923536443893
6	5	1.9466557009046064
6	50	1.9900366827616842
6	51	1.992710930283526
6	52	1.9875733410341316
6	53	1.9973844081882879
6	54	1.9954778941124245
6	55	1.9985646977736378
6	56	1.9956459479037574
6	57	1.99321128980962
6	58	1.9877850385370226
6	59	1.9769116299010372
6	60	1.9909635870792919
6	7	1.8807666643880625
6	8	1.8461955560840337
6	9	1.9068868361817486
60	1	1.8727020478792074
60	10	1.9611605118781692
60	11	1.871493462539933
60	12	1.8496112194825203
60	13	1.8890158663164636
60	14	1.8606966176607391
60	15	1.8628606325321846
60	16	1.8887310896101839
60	17	1.8666264396624217
60	18	1.8554057846166612
60	19	1.8660050881195855
60	2	1.9174494398801005
60	20	1.9548274220511987
60	21	1.9114736671892245
60	22	1.9116802681549268
60	23	1.9274941253344733
60	24	1.9200945944027037
60	25	1.893811647894842
60	26	1.9024109846485109
60	27	1.8840957775549902
60	28	1.8782094783190428
60	29	1.8471112927983262
60	3	1.9317603425140537
60	30	1.9028717399834771
60	31	1.8810132840608176
60	32	1.8064731599468022
60	33	1.8380888513874345
60	34	1.9301577338982219
60	35	1.8366207814766862
60	36	1.8743118727965145
60	37	1.8794173071726998
60	38	1.888471617590098
60	39	1.869132817641173
60	4	1.8920885714506295
60	40	1.8909679538521598
60	41	1.8719458080796163
60	42	1.8810142048279106
60	43	1.9210576267547426
60	44	1.9431224284283783
60	45	1.902671006142008
60	46	1.9101335762425975
60	47	1.8681382935244588
60	48	1.8177401768367099
60	49	1.9565507409848117
60	5	1.874551441008456
60	50	1.9327836817390889
60	51	1.8835021700959729
60	52	1.7479412148419868
60	53	1.8953361918922536
60	54	1.9045278646111516
60	55	1.9279668250469613
60	56	1.9006962344619935
60	57	1.879023616542548
60	58	1.8780518297390467
60	59	1.8861300110570722
60	6	1.990963587079275
60	7	1.9716801609246968
60	8	1.983089813573012
60	9	1.9339207516931107
7	1	1.9458906763489239
7	10	1.9076923199989928
7	11	1.9641428732459858
7	12	1.9456158473511205
7	13	1.9423195554991464
7	14	1.9672496792517506
7	15	1.971495751220227
7	16	1.9562042910885808
7	17	1.9747550951453792
7	18	1.980868448283783
7	19	1.9679306776815404
7	2	1.9194182538066122
7	20	1.9832979760512186
7	21	1.9611720006874658
7	22	1.9603867123818064
7	23	1.955135054697104
7	24	1.9628850867536358
7	25	1.9779898005591527
7	26	1.9715374001720667
7	27	1.9595469144471462
7	28	1.9856567701243584
7	29	1.968760200159271
7	3	1.9217018532525099
7	30	1.958230190358141
7	31	1.980982126498231
7	32	1.9829018240775147
7	33	1.9860748382906672
7	34	1.9760149503781255
7	35	1.9856325146926659
7	36	1.9784266618912787
7	37	1.976421851985978
7	38	1.9787038938604644
7	39	1.9791812961911754
7	4	1.9518161441343014
7	40	1.9740046212754845
7	41	1.9835779638391
7	42	1.9590529241746004
7	43	1.9793714840813779
7	44	1.97677666302998
7	45	1.975914820033672
7	46	1.9806457728692786
7	47	1.9811098257869375
7	48	1.981188552015508
7	49	1.9915075702148333
7	5	1.9473822866037707
7	50	1.9734919819554153
7	51	1.9871276596128715
7	52	1.9704955323114153
7	53	1.991749777701991
7	54	1.9925295772113614
7	55	1.9797884047374044
7	56	1.9801695167885844
7	57	1.9773169924767997
7	58	1.9731394142949756
7	59	1.9826308256251688
7	6	1.8807666643880627
7	60	1.9716801609247134
7	8	1.8344126923527084
7	9	1.921057410411411
8	1	1.950173787432822
8	10	1.939785351936752
8	11	1.9870383330314492
8	12	1.9798740043810543
8	13	1.9511998032714561
8	14	1.980232537192582
8	15	1.9886208260003877
8	16	1.9634945939043913
8	17	1.9907049749763217
8	18	1.992626359662803
8	19	1.9818134551415842
8	2	1.9316596686996808
8	20	1.9857435450212653
8	21	1.9784302279507007
8	22	1.9746176653325715
8	23	1.9750280639980282
8	24	1.978716767796875
8	25	1.9725312946405076
8	26	1.9849898620800157
8	27	1.9877377648624281
8	28	1.9808725266245368
8	29	1.9824398055405241
8	3	1.9394060470551246
8	30	1.9804821717820835
8	31	1.9900800683793922
8	32	1.9879004381252472
8	33	1.9921514233822113
8	34	1.9854831946644143
8	35	1.9908643612501558
8	36	1.9871308833002346
8	37	1.9754266549718373
8	38	1.9870890679172528
8	39	1.9954055422752814
8	4	1.9477728613097716
8	40	1.9854358976290072
8	41	1.978317584732109
8	42	1.9784160429214188
8	43	1.9834698940540185
8	44	1.9811740671401161
8	45	1.9897738992326883
8	46	1.9902262896980794
8	47	1.9797964046939989
8	48	1.9943450120263753
8	49	1.9886688769490242
8	5	1.948274100745431
8	50	1.9888903198883725
8	51	1.9839263160237022
8	52	1.990240813282377
8	53	1.9974925567537773
8	54	1.9908076487644755
8	55	1.984018388943999
8	56	1.9967916338757572
8	57	1.9947383604975404
8	58	1.9938563931514381
8	59	1.993160216004635
8	6	1.8461955560840344
8	60	1.9830898135730284
8	7	1.834412692352709
8	9	1.9142614017820136
9	1	1.7438096578406657
9	10	1.8246089635327192
9	11	1.9090174308551324
9	12	1.9466615631786777
9	13	1.8277932947498539
9	14	1.8743807216355313
9	15	1.8691059335859341
9	16	1.8259479169755122
9	17	1.9267257421095614
9	18	1.957203222633913
9	19	1.9182360640642673
9	2	1.8580219386650818
9	20	1.9704476803677997
9	21	1.9004341280206998
9	22	1.8749126397631446
9	23	1.9118438082442966
9	24	1.8412928494818597
9	25	1.914716734643456
9	26	1.9422689567619593
9	27	1.9304377855930708
9	28	1.9247431486679134
9	29	1.909798182472604
9	3	1.8327627350181643
9	30	1.9294144463299996
9	31	1.9472477512329178
9	32	1.9358899489674586
9	33	1.937781310144322
9	34	1.984205588262899
9	35	1.9477912032087772
9	36	1.917837653998651
9	37	1.9246650328855721
9	38	1.955296744272779
9	39	1.945532483504099
9	4	1.8325742617420187
9	40	1.9300032875766813
9	41	1.9232810161689537
9	42	1.8682780239582186
9	43	1.918269349219661
9	44	1.9207780910231613
9	45	1.9095459268839354
9	46	1.936403375786545
9	47	1.925572157934738
9	48	1.9197180128111915
9	49	1.923738047004528
9	5	1.8118407394017024
9	50	1.939064330217463
9	51	1.9473044122645087
9	52	1.932485384582862
9	53	1.953052184557112
9	54	1.9595540390271777
9	55	1.9600551749442308
9	56	1.937672177958965
9	57	1.9439243799473593
9	58	1.9233121426850914
9	59	1.937261270177764
9	6	1.9068868361817453
9	60	1.933920751693124
9	7	1.9210574104114067
9	8	1.91426140178201
